3 0.028638 0.637947 0.004695 0.004977
3 0.030516 0.637325 0.004069 0.005599
3 0.032707 0.635925 0.004069 0.005910
3 0.085446 0.629238 0.004382 0.002488
3 0.089515 0.628616 0.004382 0.003110
0 0.071987 0.596423 0.005008 0.004666
0 0.071362 0.591602 0.003756 0.003733
3 0.080595 0.601400 0.003443 0.002177
3 0.079812 0.600156 0.003130 0.002799
3 0.078404 0.599378 0.002817 0.003110
3 0.072613 0.598134 0.005008 0.004355
3 0.101408 0.598911 0.003756 0.004044
3 0.104538 0.595801 0.003130 0.003421
3 0.197496 0.566719 0.001878 0.004977
3 0.200782 0.623173 0.007199 0.006532
3 0.182942 0.609798 0.005321 0.005288
3 0.061815 0.626439 0.002191 0.005599
3 0.063693 0.625972 0.002191 0.005288
3 0.065571 0.626283 0.002817 0.004666
3 0.069014 0.625350 0.002817 0.004666
3 0.072770 0.628460 0.004069 0.002177
3 0.081064 0.631260 0.005008 0.002799
3 0.090923 0.630949 0.002817 0.004666
3 0.092488 0.630638 0.002817 0.004666
3 0.096088 0.629705 0.002504 0.004666
3 0.095931 0.633437 0.002191 0.004666
3 0.098748 0.631415 0.003443 0.004977
3 0.097809 0.633593 0.002191 0.004355
3 0.093271 0.634681 0.002504 0.004044
3 0.091862 0.635614 0.002817 0.005288
3 0.083881 0.632504 0.002504 0.004044
3 0.091706 0.626439 0.004382 0.001866
3 0.093584 0.627838 0.005008 0.002799
3 0.095931 0.625194 0.004695 0.003110
3 0.087793 0.624106 0.002191 0.002799
3 0.089045 0.623017 0.002817 0.004355
3 0.090610 0.622240 0.002817 0.003421
3 0.092332 0.621617 0.003756 0.003421
3 0.092175 0.624106 0.004069 0.002799
3 0.088732 0.615863 0.004069 0.002488
3 0.088576 0.613841 0.003756 0.002799
3 0.075743 0.620529 0.004382 0.001866
3 0.083255 0.603110 0.003756 0.003733
3 0.068388 0.589269 0.002817 0.002799
3 0.060563 0.584137 0.003443 0.003110
3 0.060876 0.586003 0.002817 0.003110
3 0.062598 0.586781 0.002504 0.003421
3 0.110172 0.595801 0.005008 0.004044
3 0.122848 0.590980 0.004069 0.003733
3 0.052739 0.578072 0.003443 0.002177
3 0.052739 0.576361 0.003443 0.002488
3 0.048200 0.560498 0.003130 0.003110
3 0.110642 0.578694 0.002191 0.004044
3 0.112363 0.578849 0.001252 0.003733
3 0.113772 0.578694 0.001565 0.004044
3 0.115336 0.578694 0.001565 0.004044
3 0.116901 0.578694 0.001565 0.004044
3 0.118153 0.578849 0.001565 0.004355
3 0.119875 0.578849 0.001878 0.004355
3 0.121283 0.578694 0.001565 0.004044
3 0.123005 0.578694 0.001878 0.004044
3 0.199374 0.566563 0.001878 0.004666
3 0.200939 0.566252 0.001878 0.004666
3 0.202817 0.565941 0.001878 0.004666
3 0.204695 0.566252 0.001878 0.004666
3 0.206729 0.566252 0.002191 0.004666
0 0.099061 0.579160 0.002817 0.001866
0 0.099218 0.581026 0.003130 0.001866
0 0.099531 0.582582 0.004382 0.001866
