0 0.702327 0.015152 0.073045 0.030303
0 0.882515 0.018796 0.020362 0.013809
4 0.679864 0.080169 0.008727 0.014576
0 0.878151 0.026084 0.011635 0.007672
0 0.764544 0.066168 0.015191 0.020330
0 0.770524 0.068278 0.014867 0.020713
0 0.776018 0.070579 0.016160 0.019946
0 0.781028 0.074031 0.016484 0.019946
0 0.786361 0.076525 0.016807 0.019563
4 0.790562 0.082278 0.016160 0.024166
0 0.799451 0.086114 0.019069 0.028002
3 0.808339 0.090526 0.011635 0.017645
0 0.793956 0.133487 0.014544 0.017645
0 0.802036 0.134254 0.017776 0.021481
3 0.805430 0.138090 0.007757 0.010740
4 0.717841 0.090334 0.010989 0.014193
0 0.697641 0.114308 0.013898 0.017645
4 0.711700 0.135405 0.012928 0.011507
3 0.729800 0.119678 0.010343 0.010740
4 0.686813 0.093594 0.010343 0.012275
3 0.729638 0.151707 0.002262 0.004987
