0 0.272786 0.379701 0.007111 0.004221
3 0.310116 0.382387 0.003555 0.009593
3 0.312217 0.365503 0.002586 0.006523
3 0.319489 0.371067 0.002909 0.007675
3 0.298804 0.360706 0.004202 0.001535
3 0.376535 0.138910 0.006464 0.009210
3 0.294926 0.372218 0.005495 0.006140
3 0.304783 0.370299 0.003878 0.006140
3 0.314480 0.317920 0.005818 0.014198
3 0.284260 0.077897 0.001616 0.005372
3 0.377990 0.208365 0.004202 0.008442
3 0.322398 0.370875 0.002909 0.007291
3 0.305107 0.385649 0.003232 0.008442
3 0.314480 0.372218 0.002586 0.006140
3 0.299127 0.373561 0.004848 0.007291
3 0.297673 0.389486 0.006464 0.006140
3 0.447317 0.014582 0.013575 0.017652
3 0.338074 0.054106 0.004525 0.010744
3 0.289108 0.393899 0.004202 0.005756
3 0.404977 0.167114 0.001939 0.007291
3 0.338074 0.115311 0.008403 0.011128
3 0.307854 0.384497 0.002909 0.007675
3 0.332256 0.370491 0.001939 0.005756
3 0.370394 0.104375 0.005818 0.013047
3 0.316257 0.368573 0.003555 0.007291
3 0.274564 0.385265 0.006141 0.002302
3 0.279412 0.391980 0.006787 0.004221
3 0.293956 0.392172 0.003555 0.004605
3 0.300097 0.359747 0.004202 0.002686
3 0.347285 0.217191 0.003555 0.005372
3 0.297350 0.362049 0.005171 0.001919
3 0.316419 0.381619 0.003232 0.008058
3 0.309793 0.374137 0.002909 0.007675
3 0.281836 0.397544 0.003878 0.005372
3 0.328539 0.193592 0.004202 0.008826
3 0.313348 0.381619 0.003555 0.008058
3 0.353911 0.146393 0.005818 0.012663
3 0.290886 0.392172 0.003878 0.005372
3 0.325953 0.364927 0.003555 0.007675
3 0.286037 0.394282 0.003878 0.007291
0 0.276503 0.387567 0.006141 0.002302
3 0.387847 0.047199 0.009696 0.016884
3 0.338397 0.361282 0.001939 0.005756
