3 0.222692 0.140547 0.003443 0.006841
3 0.228638 0.140547 0.003443 0.006219
3 0.239280 0.150031 0.006573 0.003420
3 0.239593 0.154695 0.006573 0.002799
3 0.451017 0.099658 0.008764 0.004042
3 0.409859 0.125311 0.004695 0.006841
3 0.382473 0.129975 0.006886 0.005597
3 0.353991 0.139148 0.006886 0.003420
0 0.096714 0.268346 0.003130 0.006219
3 0.055243 0.241760 0.009703 0.005908
3 0.093271 0.252021 0.007512 0.010261
3 0.078091 0.236785 0.007825 0.005908
3 0.078091 0.241760 0.007825 0.007152
3 0.154773 0.251555 0.003443 0.005597
3 0.158059 0.251866 0.003130 0.004975
3 0.148200 0.235697 0.002191 0.003731
3 0.147887 0.239739 0.002191 0.004353
3 0.135368 0.217973 0.004069 0.001866
3 0.156182 0.211909 0.001878 0.004042
0 0.191706 0.211754 0.001565 0.002488
0 0.192175 0.209111 0.001252 0.002177
0 0.193271 0.211598 0.001565 0.002799
0 0.187793 0.229633 0.002504 0.003420
0 0.195931 0.229633 0.001878 0.004042
0 0.192801 0.233520 0.001878 0.003731
0 0.194366 0.233675 0.001252 0.004042
0 0.187950 0.233364 0.001565 0.004042
0 0.189515 0.232587 0.001565 0.003109
0 0.191236 0.233675 0.001252 0.003420
3 0.150078 0.235852 0.001565 0.004042
3 0.152113 0.236163 0.002504 0.004042
0 0.196557 0.208955 0.001252 0.002488
0 0.198279 0.211287 0.001565 0.002177
0 0.198122 0.208955 0.001878 0.002488
0 0.199844 0.212998 0.001565 0.002488
3 0.151800 0.246424 0.003130 0.004664
3 0.154930 0.246269 0.002504 0.004353
3 0.157590 0.246891 0.002817 0.004975
3 0.161346 0.251555 0.003443 0.005597
3 0.151643 0.261660 0.002817 0.005286
3 0.154304 0.261660 0.003130 0.005286
3 0.166510 0.262904 0.003756 0.005908
3 0.169484 0.262749 0.002817 0.006219
3 0.179969 0.262127 0.003130 0.005597
3 0.054460 0.232898 0.013772 0.004975
3 0.103599 0.022077 0.013146 0.006219
3 0.261346 0.177083 0.006886 0.008396
3 0.075117 0.025498 0.011268 0.005597
3 0.034429 0.048352 0.010016 0.006530
3 0.137872 0.070118 0.010329 0.004664
3 0.108764 0.079602 0.012207 0.004975
3 0.084977 0.098414 0.010329 0.004664
3 0.050861 0.103545 0.010955 0.004975
3 0.014241 0.115672 0.010329 0.004353
3 0.030516 0.145367 0.009077 0.004664
3 0.060094 0.139148 0.008764 0.005286
3 0.110329 0.125622 0.009703 0.004975
3 0.137559 0.121891 0.009077 0.004975
3 0.161659 0.115361 0.009077 0.004353
3 0.236150 0.134328 0.011581 0.004975
3 0.156651 0.148943 0.009077 0.008085
3 0.135368 0.150964 0.006573 0.004042
3 0.113146 0.149720 0.008451 0.006530
3 0.092488 0.157494 0.009703 0.008396
3 0.064789 0.162313 0.010016 0.009328
3 0.044288 0.168377 0.010329 0.009639
3 0.505477 0.035292 0.008764 0.004664
3 0.482003 0.041356 0.008764 0.004975
3 0.435368 0.048507 0.011268 0.005597
3 0.404851 0.050373 0.009703 0.003731
3 0.382316 0.054415 0.010329 0.004975
3 0.359781 0.060323 0.010955 0.004975
3 0.337402 0.054260 0.010642 0.005286
3 0.323944 0.088775 0.007512 0.004664
3 0.300156 0.092351 0.008138 0.004353
3 0.428013 0.077114 0.007825 0.005597
3 0.401878 0.080224 0.008764 0.004353
3 0.375587 0.082245 0.008138 0.004042
3 0.350704 0.092817 0.008451 0.004664
3 0.478717 0.072295 0.007199 0.003420
3 0.515336 0.085976 0.009077 0.005908
3 0.402191 0.108520 0.008138 0.007463
3 0.368545 0.138993 0.006573 0.004353
3 0.324883 0.137749 0.006260 0.004975
3 0.312207 0.140547 0.005947 0.003109
3 0.295305 0.143657 0.005947 0.003109
3 0.333177 0.119248 0.009077 0.007152
3 0.078091 0.246580 0.009077 0.008085
3 0.079343 0.252488 0.005947 0.004975
3 0.128013 0.252332 0.006260 0.004042
3 0.094992 0.231032 0.009703 0.004353
3 0.079343 0.267257 0.002817 0.008396
3 0.098592 0.267413 0.002504 0.006841
3 0.121753 0.264770 0.001878 0.004042
3 0.119875 0.264303 0.002504 0.004353
3 0.129108 0.263060 0.002191 0.005597
3 0.123631 0.263993 0.001878 0.004975
3 0.126291 0.263371 0.003443 0.005597
3 0.142410 0.236474 0.002504 0.004664
3 0.145383 0.236007 0.002191 0.004353
3 0.146322 0.246891 0.002191 0.004353
3 0.146479 0.252177 0.001878 0.004353
3 0.148826 0.246891 0.002817 0.004353
3 0.157746 0.211443 0.001252 0.003109
3 0.168232 0.213153 0.002191 0.002799
3 0.166354 0.213308 0.001565 0.003109
0 0.181221 0.211443 0.001878 0.002488
0 0.185759 0.210665 0.001565 0.002799
0 0.094836 0.234919 0.010016 0.005286
0 0.189515 0.207867 0.001565 0.002799
0 0.193584 0.208644 0.001565 0.002488
0 0.195149 0.208489 0.001565 0.003420
0 0.193897 0.214086 0.001565 0.002799
3 0.155086 0.237096 0.003443 0.006530
3 0.149765 0.239583 0.002191 0.003420
3 0.142723 0.240672 0.001878 0.003731
3 0.152895 0.213619 0.002817 0.001244
3 0.158685 0.237562 0.003130 0.006219
3 0.164476 0.236474 0.002817 0.005908
3 0.167762 0.236629 0.003130 0.006219
3 0.174335 0.236940 0.003130 0.006841
3 0.177778 0.236318 0.003756 0.006841
3 0.164319 0.246269 0.003130 0.004975
3 0.166980 0.246580 0.002817 0.004975
3 0.166823 0.251866 0.001878 0.004975
3 0.142254 0.252643 0.002191 0.005286
3 0.168701 0.251866 0.001878 0.004975
0 0.196557 0.211598 0.001878 0.002799
0 0.194053 0.229789 0.001878 0.003731
3 0.175900 0.251710 0.003130 0.005286
3 0.178404 0.245958 0.003130 0.004353
3 0.181377 0.251244 0.002817 0.005597
3 0.183881 0.245802 0.002817 0.005286
3 0.186541 0.246113 0.003130 0.005286
3 0.183725 0.251710 0.002504 0.005286
3 0.196088 0.245647 0.003443 0.004975
3 0.189358 0.246113 0.002504 0.004664
3 0.186385 0.251710 0.002817 0.004664
3 0.139124 0.262749 0.002817 0.005597
3 0.142097 0.261971 0.003130 0.005908
3 0.145227 0.262438 0.003130 0.005597
3 0.177934 0.261971 0.003443 0.005908
3 0.183255 0.261194 0.003443 0.005597
3 0.185915 0.261971 0.003130 0.004664
3 0.188732 0.261505 0.003756 0.006219
3 0.191862 0.261660 0.002504 0.005286
0 0.077621 0.231654 0.006886 0.005597
0 0.079186 0.255597 0.008764 0.004975
0 0.185603 0.218905 0.005008 0.002488
0 0.189828 0.219372 0.004069 0.002177
0 0.184977 0.217195 0.004382 0.002177
0 0.187167 0.238184 0.001878 0.003731
0 0.189045 0.237873 0.001252 0.003109
0 0.192958 0.237562 0.002191 0.003731
0 0.196401 0.237873 0.002191 0.003731
0 0.185603 0.238029 0.001878 0.004042
0 0.194992 0.238340 0.001878 0.004042
0 0.196088 0.233675 0.002191 0.004042
3 0.185915 0.224036 0.005008 0.002177
3 0.144444 0.003265 0.013459 0.005286
3 0.078717 0.249689 0.007199 0.005597
0 0.183255 0.208333 0.001565 0.002488
0 0.190610 0.210821 0.001878 0.002488
0 0.189045 0.210665 0.001252 0.002799
0 0.182942 0.211287 0.000939 0.002799
0 0.181064 0.208644 0.002191 0.002488
0 0.190923 0.208022 0.001878 0.002488
0 0.184820 0.208022 0.001565 0.002488
0 0.186541 0.208178 0.001878 0.002799
0 0.187480 0.210821 0.001252 0.002488
0 0.188106 0.207867 0.001252 0.002799
0 0.184194 0.210821 0.001565 0.002488
0 0.195775 0.214086 0.001565 0.002799
0 0.189045 0.217195 0.004382 0.002177
0 0.185603 0.221393 0.006260 0.002488
0 0.191236 0.238029 0.001252 0.003420
0 0.191080 0.229322 0.003443 0.003420
