3 0.993470 0.177301 0.013060 0.014301
3 0.997353 0.098643 0.005295 0.005867
3 0.974938 0.182802 0.006354 0.005501
0 0.787504 0.862853 0.004942 0.005134
0 0.779562 0.912725 0.017296 0.019802
0 0.803918 0.877154 0.009531 0.013201
0 0.370455 0.438210 0.060360 0.044004
0 0.888810 0.515585 0.021179 0.048405
3 0.782563 0.719472 0.007060 0.005134
0 0.785387 0.079941 0.016237 0.049138
0 0.237028 0.019252 0.049771 0.038504
3 0.951288 0.074807 0.007766 0.005134
3 0.986940 0.084892 0.011295 0.008434
3 0.992411 0.090209 0.010236 0.005867
3 0.979880 0.187202 0.008472 0.007701
3 0.954818 0.196920 0.017649 0.014668
3 0.986587 0.017968 0.014825 0.008067
3 0.952524 0.032453 0.008119 0.007701
3 0.928345 0.035020 0.012001 0.005501
3 0.935581 0.062156 0.008825 0.007701
3 0.913519 0.089476 0.013413 0.011735
4 0.778680 0.028970 0.014825 0.057939
3 0.936463 0.253392 0.012707 0.012468
4 0.973526 0.261643 0.016237 0.014301
3 0.848217 0.348918 0.012707 0.007701
3 0.817155 0.351302 0.007060 0.008801
4 0.801977 0.307847 0.007060 0.007701
3 0.819449 0.256326 0.011648 0.011001
4 0.640134 0.018335 0.009531 0.036670
0 0.649665 0.015218 0.010942 0.030436
0 0.899576 0.511368 0.022944 0.052439
3 0.848747 0.855702 0.010942 0.007701
3 0.857395 0.866520 0.008472 0.009534
4 0.799153 0.862486 0.008472 0.006601
3 0.780974 0.876054 0.008825 0.010268
3 0.795447 0.869454 0.004589 0.005867
4 0.806565 0.866337 0.007060 0.006967
3 0.807095 0.873121 0.005295 0.005867
3 0.791211 0.879355 0.006001 0.006601
4 0.805330 0.904474 0.010236 0.010634
4 0.780092 0.884122 0.012707 0.014668
4 0.791917 0.897690 0.012354 0.013935
3 0.754324 0.883388 0.013413 0.016135
3 0.754677 0.910524 0.009178 0.008801
4 0.723438 0.912541 0.011648 0.011368
4 0.720438 0.921892 0.007060 0.008067
4 0.739322 0.917125 0.018002 0.022002
3 0.765972 0.932160 0.005648 0.006601
3 0.752559 0.949212 0.007060 0.006234
4 0.756442 0.934910 0.015531 0.018702
0 0.079774 0.480748 0.080480 0.059406
3 0.865337 0.938394 0.005295 0.005867
0 0.850159 0.779611 0.032827 0.031536
0 0.846100 0.005134 0.007766 0.010268
3 0.222556 0.099193 0.013060 0.008434
3 0.900459 0.341034 0.026827 0.016135
3 0.502471 0.593693 0.009531 0.005867
0 0.838687 0.041804 0.019061 0.047671
0 0.726085 0.775394 0.072714 0.028236
