3 0.150494 0.061950 0.005999 0.005132
3 0.126676 0.043255 0.006351 0.008065
3 0.053634 0.034091 0.009174 0.008798
3 0.059457 0.042705 0.010939 0.010630
3 0.082569 0.048204 0.007763 0.007698
3 0.090685 0.059384 0.007763 0.007331
3 0.081863 0.067815 0.009880 0.009531
3 0.098977 0.070565 0.005293 0.004765
3 0.086980 0.076063 0.009527 0.009897
3 0.017114 0.097874 0.009527 0.007331
3 0.023994 0.104839 0.007057 0.007331
3 0.037932 0.131598 0.010233 0.007331
3 0.063338 0.130865 0.010939 0.008065
3 0.057692 0.152493 0.008116 0.008065
0 0.126676 0.265579 0.003529 0.004032
4 0.187368 0.273827 0.004940 0.003666
0 0.174312 0.316716 0.002823 0.002199
0 0.171665 0.321298 0.003881 0.001833
0 0.171489 0.323497 0.004234 0.001833
3 0.008292 0.167339 0.016584 0.014296
3 0.101623 0.001100 0.007763 0.002199
4 0.166725 0.043255 0.010939 0.012463
3 0.151200 0.020528 0.009527 0.007331
3 0.128440 0.017045 0.011291 0.007698
3 0.073394 0.034824 0.012703 0.011730
3 0.048342 0.025477 0.009880 0.008431
3 0.056634 0.037940 0.010939 0.009897
4 0.063867 0.046004 0.008469 0.009164
3 0.064926 0.050953 0.012703 0.008798
3 0.068631 0.057185 0.011644 0.010264
3 0.071807 0.060850 0.013056 0.009531
3 0.080452 0.042889 0.012703 0.010997
3 0.088038 0.052969 0.009527 0.008431
4 0.092449 0.083578 0.009880 0.008798
3 0.094390 0.089626 0.010233 0.008431
3 0.009351 0.088710 0.008821 0.005865
3 0.042519 0.136547 0.008821 0.007698
3 0.060162 0.125550 0.012350 0.012097
3 0.025406 0.150660 0.007763 0.007331
4 0.053987 0.149560 0.009174 0.008065
4 0.119619 0.213710 0.007763 0.005865
3 0.111150 0.226906 0.003529 0.004399
4 0.132322 0.225440 0.003529 0.005865
4 0.117678 0.239186 0.003176 0.005499
4 0.154199 0.227823 0.004234 0.004765
4 0.131087 0.258614 0.003176 0.004765
4 0.129852 0.270528 0.003529 0.004399
4 0.148024 0.267229 0.003176 0.005865
4 0.153140 0.260997 0.004234 0.003666
4 0.153670 0.262647 0.004587 0.004032
3 0.193190 0.264846 0.004587 0.002566
3 0.190543 0.266312 0.003529 0.001833
3 0.189838 0.269062 0.005646 0.002933
3 0.186309 0.276393 0.003529 0.002933
4 0.185780 0.278959 0.005999 0.002199
4 0.184016 0.282808 0.005999 0.004032
4 0.051341 0.274743 0.003176 0.004032
3 0.112738 0.292889 0.004587 0.005132
4 0.012174 0.317449 0.002470 0.005865
