0 0.226791 0.967559 0.049771 0.064883
4 0.768443 0.992302 0.014825 0.015396
4 0.629898 0.994685 0.009531 0.010630
0 0.639428 0.994135 0.010942 0.011730
0 0.835863 0.989919 0.007766 0.020161
0 0.234733 0.738087 0.054359 0.010630
0 0.277621 0.735154 0.025768 0.004765
0 0.277091 0.740103 0.026121 0.005865
0 0.276738 0.745235 0.023297 0.006598
0 0.253265 0.848607 0.024356 0.044721
0 0.391811 0.747067 0.031062 0.008798
0 0.601483 0.971957 0.003530 0.015762
3 0.871338 0.925770 0.003883 0.007698
3 0.877691 0.912390 0.003177 0.012463
3 0.884045 0.910374 0.002471 0.007698
3 0.931345 0.905059 0.005295 0.004399
3 0.932933 0.910191 0.007060 0.006598
3 0.919696 0.909457 0.009531 0.007331
3 0.921638 0.914589 0.009884 0.006598
3 0.922520 0.920638 0.012354 0.006965
3 0.935757 0.917339 0.007766 0.005499
3 0.937875 0.922104 0.012001 0.008431
3 0.941758 0.931085 0.013413 0.008065
3 0.943346 0.935667 0.013060 0.006965
3 0.949347 0.950330 0.010236 0.009897
0 0.593011 0.749084 0.036710 0.009164
0 0.016414 0.346957 0.032827 0.091276
0 0.219202 0.745601 0.016943 0.005132
0 0.277091 0.787757 0.025415 0.057185
0 0.050830 0.921554 0.046594 0.056452
4 0.474232 0.747434 0.034945 0.010264
3 0.524356 0.758981 0.012354 0.006965
4 0.615955 0.905425 0.009884 0.026393
0 0.609248 0.911107 0.009178 0.027493
4 0.603247 0.909457 0.006354 0.016129
4 0.599188 0.912207 0.005295 0.011364
4 0.595482 0.914956 0.004942 0.011730
4 0.617720 0.936950 0.006354 0.024194
4 0.611190 0.938600 0.009531 0.027493
4 0.603247 0.940066 0.007766 0.024560
4 0.597953 0.939516 0.003530 0.012463
4 0.594246 0.942082 0.006001 0.015396
4 0.590187 0.942082 0.004942 0.014663
4 0.629898 0.918622 0.003177 0.009531
3 0.641899 0.915872 0.008825 0.003299
0 0.608189 0.970858 0.011295 0.031891
4 0.616484 0.969941 0.008825 0.030792
0 0.872750 0.914040 0.003883 0.010630
4 0.939463 0.926136 0.010236 0.008431
4 0.944758 0.940066 0.010942 0.009164
3 0.931874 0.954362 0.016237 0.010630
3 0.933816 0.960594 0.015178 0.009897
4 0.942287 0.965726 0.014472 0.009164
3 0.925874 0.934384 0.012001 0.005865
3 0.927286 0.939150 0.010589 0.005865
3 0.927109 0.944465 0.013766 0.005499
3 0.869220 0.914040 0.003177 0.006965
3 0.963466 0.964809 0.023650 0.012463
0 0.594952 0.757698 0.036357 0.010997
0 0.536710 0.750733 0.069538 0.015396
