0 0.279544 0.664130 0.026261 0.015911
0 0.404976 0.785714 0.020041 0.008648
0 0.328438 0.820650 0.035591 0.032861
0 0.195923 0.591145 0.064271 0.012452
0 0.187111 0.598063 0.042502 0.009685
0 0.186593 0.605327 0.042847 0.010377
0 0.190048 0.560187 0.035245 0.010723
0 0.188148 0.566586 0.035591 0.009685
0 0.196268 0.574715 0.062889 0.010723
4 0.354527 0.750086 0.012440 0.007264
4 0.230477 0.099274 0.008293 0.008993
4 0.237560 0.591664 0.014167 0.005880
3 0.236178 0.595469 0.015549 0.007264
3 0.235833 0.599965 0.016932 0.006572
3 0.234796 0.604289 0.016932 0.006226
0 0.190394 0.548772 0.029026 0.010031
0 0.189185 0.553961 0.029371 0.009339
3 0.237906 0.570045 0.012094 0.005534
3 0.239115 0.573850 0.013822 0.004843
4 0.241189 0.578174 0.020733 0.006572
0 0.170007 0.985299 0.108500 0.029402
4 0.318590 0.627119 0.010366 0.006226
3 0.159641 0.159979 0.013822 0.005880
4 0.319109 0.689381 0.009330 0.007610
3 0.515377 0.994120 0.006565 0.008993
4 0.272806 0.654618 0.012094 0.005880
3 0.171907 0.184019 0.007947 0.018679
0 0.145992 0.163957 0.044575 0.006918
