0 0.812306 0.992393 0.028344 0.015214
0 0.799343 0.994813 0.021085 0.010373
0 0.788973 0.970954 0.012098 0.030429
0 0.841168 0.677213 0.027999 0.040456
0 0.905634 0.615318 0.007605 0.009336
0 0.907881 0.614108 0.007259 0.008990
0 0.909955 0.612552 0.007259 0.009336
0 0.912029 0.611169 0.007950 0.010028
0 0.919115 0.600104 0.020048 0.024550
0 0.924127 0.596646 0.020394 0.024550
0 0.990494 0.536134 0.019011 0.041840
0 0.959212 0.577628 0.040097 0.042531
0 0.843761 0.734613 0.022814 0.022476
0 0.839613 0.728216 0.023505 0.023513
3 0.851538 0.657849 0.007950 0.005187
4 0.783961 0.816044 0.010370 0.011757
3 0.852575 0.741183 0.036295 0.036999
4 0.970964 0.826591 0.031110 0.025242
4 0.783961 0.914073 0.015900 0.021093
3 0.777739 0.828492 0.016592 0.007607
4 0.778085 0.872580 0.012444 0.017635
3 0.795887 0.979945 0.006568 0.015906
4 0.776875 0.845436 0.015555 0.015906
0 0.937608 0.587656 0.022468 0.023167
4 0.784998 0.933956 0.013135 0.022822
4 0.794677 0.937759 0.013135 0.021438
3 0.897511 0.603907 0.007950 0.005878
4 0.779641 0.860304 0.019011 0.021438
4 0.781023 0.809647 0.020394 0.009336
4 0.777912 0.835408 0.024542 0.009682
4 0.781369 0.896093 0.013481 0.016252
0 0.821984 0.727178 0.013826 0.015214
4 0.787245 0.825899 0.016937 0.010028
4 0.793121 0.918396 0.012789 0.016598
0 0.914967 0.606328 0.019357 0.023859
