4 0.304720 0.316385 0.002910 0.003454
3 0.334950 0.283193 0.002586 0.003837
0 0.990624 0.122602 0.005820 0.007291
0 0.970902 0.137567 0.005820 0.008058
0 0.965244 0.140829 0.006143 0.008442
0 0.956353 0.167114 0.005820 0.008058
0 0.953120 0.169992 0.004526 0.006907
0 0.965082 0.160591 0.005173 0.007291
0 0.993049 0.139486 0.006143 0.007291
4 0.950048 0.169800 0.004850 0.008058
0 0.989007 0.142939 0.006466 0.005756
0 0.991109 0.140829 0.006790 0.006907
4 0.306660 0.323484 0.003556 0.003070
4 0.317006 0.298542 0.004203 0.002302
4 0.332363 0.261512 0.001940 0.004988
4 0.329939 0.270146 0.003556 0.003837
4 0.992887 0.121067 0.005820 0.005756
4 0.986583 0.127398 0.006790 0.009210
4 0.980116 0.129893 0.006790 0.008826
3 0.977853 0.132771 0.006790 0.009210
4 0.975105 0.133922 0.007113 0.009977
4 0.972357 0.136224 0.005496 0.007675
4 0.967992 0.139294 0.006466 0.009210
3 0.962496 0.142556 0.007113 0.008826
3 0.960718 0.145050 0.006790 0.008442
4 0.957323 0.146777 0.005173 0.007291
3 0.948270 0.151190 0.004526 0.008442
4 0.944714 0.151957 0.006466 0.007675
4 0.939379 0.156178 0.005496 0.007675
4 0.936954 0.156946 0.007113 0.009210
3 0.910443 0.163469 0.005173 0.008442
4 0.907210 0.164236 0.006466 0.008442
4 0.918849 0.169800 0.005820 0.008058
4 0.907210 0.174981 0.006466 0.008442
3 0.903492 0.178051 0.004203 0.007675
4 0.900905 0.180161 0.005496 0.008826
4 0.946815 0.173446 0.004850 0.007675
4 0.944391 0.175173 0.005173 0.006523
4 0.959586 0.165004 0.004526 0.006907
4 0.962173 0.163085 0.005173 0.006907
4 0.975913 0.150998 0.007436 0.008826
4 0.971064 0.154259 0.006143 0.008442
4 0.980440 0.149079 0.006143 0.007291
4 0.986744 0.144282 0.005820 0.006907
4 0.322826 0.298350 0.003556 0.004221
