3 0.180176 0.689503 0.006982 0.004905
3 0.094262 0.623120 0.003947 0.004905
3 0.220856 0.711740 0.003339 0.002943
4 0.170310 0.682472 0.007893 0.007194
0 0.094566 0.606442 0.004554 0.004905
0 0.091378 0.605625 0.010929 0.010464
0 0.089860 0.603499 0.004857 0.004251
0 0.087583 0.600392 0.008197 0.005886
0 0.084699 0.597449 0.007893 0.006540
0 0.083789 0.595160 0.008500 0.007848
0 0.079539 0.592054 0.005464 0.003597
0 0.078476 0.587312 0.006982 0.005232
0 0.076351 0.582897 0.008804 0.007521
0 0.068458 0.577665 0.010018 0.012753
0 0.025349 0.374918 0.016090 0.019294
0 0.020188 0.378025 0.019126 0.022237
0 0.038100 0.395520 0.017911 0.024526
0 0.032180 0.399608 0.018822 0.022891
0 0.052520 0.418411 0.017608 0.021910
0 0.045082 0.421517 0.018519 0.022237
0 0.023831 0.456508 0.020947 0.014388
0 0.020644 0.451602 0.019429 0.015043
0 0.007286 0.469424 0.014572 0.014061
0 0.006375 0.463375 0.012750 0.018313
0 0.053279 0.545455 0.019733 0.015697
0 0.049939 0.541203 0.020947 0.018967
0 0.100030 0.554120 0.011233 0.014061
0 0.104736 0.551504 0.012750 0.015370
0 0.110504 0.549706 0.015179 0.015697
0 0.113540 0.546109 0.016393 0.015043
0 0.116727 0.542838 0.012447 0.015043
0 0.122344 0.542838 0.015786 0.018967
0 0.126290 0.539241 0.013965 0.016351
0 0.070431 0.566710 0.007893 0.007848
0 0.084396 0.557063 0.007893 0.006867
0 0.086369 0.559353 0.008804 0.006213
0 0.086825 0.561478 0.008500 0.005232
0 0.304948 0.680510 0.005161 0.007194
0 0.295234 0.669228 0.004554 0.007521
0 0.293109 0.670373 0.005768 0.009810
0 0.278992 0.675114 0.007286 0.006867
0 0.279751 0.677404 0.004554 0.004905
0 0.275501 0.681001 0.008197 0.006213
0 0.275804 0.685252 0.011233 0.010791
0 0.271858 0.685415 0.008197 0.009156
0 0.269429 0.686560 0.006375 0.008829
0 0.265786 0.692937 0.014876 0.016351
0 0.263813 0.695716 0.012750 0.014061
0 0.253491 0.698823 0.010929 0.012426
0 0.247723 0.696697 0.005464 0.007521
0 0.238009 0.705853 0.010322 0.010137
0 0.227383 0.710595 0.006679 0.007848
0 0.224954 0.711740 0.006679 0.007521
0 0.138737 0.654186 0.023679 0.023218
0 0.141925 0.648790 0.023983 0.022237
0 0.111870 0.634238 0.026412 0.023872
0 0.116576 0.629823 0.023072 0.020929
0 0.236035 0.602518 0.016697 0.019294
0 0.241803 0.600229 0.017304 0.021910
4 0.288251 0.791203 0.019126 0.015370
0 0.219338 0.722695 0.015483 0.012426
4 0.269885 0.771746 0.013358 0.016351
0 0.136308 0.535154 0.022465 0.025180
0 0.783394 0.785644 0.070128 0.101700
0 0.074681 0.063113 0.078324 0.126226
0 0.137826 0.514716 0.012750 0.026161
0 0.040680 0.441956 0.031573 0.016678
4 0.099423 0.517822 0.016090 0.010137
3 0.168792 0.082407 0.013358 0.018967
0 0.498937 0.972695 0.073163 0.054611
0 0.189587 0.696697 0.006375 0.005559
0 0.313449 0.693591 0.012447 0.017659
0 0.367638 0.088947 0.110504 0.166122
0 0.863692 0.927894 0.109897 0.144212
4 0.204159 0.428385 0.025804 0.030085
3 0.074985 0.022891 0.011536 0.015697
3 0.076199 0.564094 0.007286 0.008502
3 0.290832 0.670536 0.004250 0.007521
3 0.265786 0.685742 0.005768 0.006540
0 0.372951 0.983976 0.072556 0.032047
3 0.255464 0.695716 0.008197 0.008829
3 0.243169 0.701439 0.007893 0.006540
3 0.241803 0.703891 0.010625 0.010137
3 0.089253 0.610530 0.004857 0.003924
3 0.081512 0.594506 0.005161 0.003924
0 0.213115 0.683617 0.026108 0.018640
0 0.240741 0.667757 0.020036 0.017659
0 0.451579 0.236429 0.071342 0.111184
0 0.243928 0.396010 0.016090 0.022891
0 0.391925 0.776324 0.012750 0.007194
0 0.639648 0.569326 0.151184 0.231524
0 0.521554 0.364454 0.123254 0.173643
0 0.245294 0.746239 0.015179 0.014388
0 0.304341 0.807227 0.025197 0.017332
4 0.013661 0.208960 0.027322 0.019621
0 0.257741 0.759974 0.009715 0.013080
0 0.175015 0.235284 0.081056 0.113473
0 0.233455 0.735939 0.013358 0.014061
0 0.197784 0.377371 0.013054 0.015697
4 0.005768 0.374918 0.011536 0.012753
