3 0.580298 0.989539 0.029447 0.015691
0 0.888282 0.964858 0.063752 0.070284
0 0.878264 0.983982 0.040680 0.032037
0 0.861263 0.984309 0.051609 0.031383
0 0.726321 0.988722 0.036733 0.022556
3 0.572253 0.979895 0.025501 0.021249
0 0.761081 0.983328 0.040073 0.033344
0 0.279751 0.059497 0.029447 0.101994
0 0.412568 0.488068 0.043716 0.029421
0 0.419399 0.496568 0.049484 0.031383
0 0.806618 0.858450 0.015179 0.016999
0 0.798573 0.843740 0.011233 0.013730
0 0.695052 0.842596 0.027019 0.021249
0 0.723588 0.836221 0.031876 0.024191
0 0.640103 0.861720 0.023983 0.026806
0 0.646478 0.855508 0.021554 0.024191
0 0.652702 0.848480 0.027930 0.031056
0 0.655586 0.790945 0.029447 0.031056
0 0.665604 0.787185 0.025197 0.030075
0 0.421220 0.562275 0.025804 0.011769
0 0.418033 0.556881 0.025501 0.012749
0 0.444293 0.617195 0.031269 0.007846
0 0.441560 0.632233 0.014268 0.004577
0 0.835914 0.682249 0.053127 0.086957
0 0.595173 0.419091 0.028233 0.033998
0 0.467365 0.750409 0.031876 0.014057
0 0.615968 0.722458 0.032180 0.045113
0 0.428962 0.583197 0.029751 0.014384
0 0.405889 0.726545 0.056466 0.025172
0 0.596843 0.695489 0.010929 0.015364
3 0.547359 0.929879 0.041287 0.029748
0 0.622951 0.510297 0.033394 0.055574
0 0.463418 0.287022 0.074985 0.122916
0 0.477990 0.278359 0.073163 0.118012
0 0.294778 0.373815 0.034608 0.023864
0 0.203097 0.302877 0.027322 0.030402
0 0.242107 0.362700 0.031269 0.042171
0 0.248179 0.359758 0.030055 0.042824
0 0.556163 0.598889 0.004857 0.015038
0 0.561324 0.599215 0.006679 0.013076
4 0.634183 0.758091 0.006679 0.011769
0 0.766393 0.705132 0.052520 0.076496
3 0.972526 0.870709 0.004554 0.012749
0 0.691409 0.782445 0.036733 0.029748
4 0.062538 0.099379 0.064967 0.086303
4 0.470401 0.065217 0.051913 0.059823
4 0.484366 0.057862 0.055556 0.066035
0 0.289921 0.364662 0.033394 0.023210
0 0.209472 0.301406 0.013965 0.020268
0 0.203552 0.202517 0.046448 0.034325
0 0.861111 0.957339 0.020340 0.021249
0 0.698543 0.846845 0.017001 0.015364
0 0.730267 0.840471 0.016090 0.013076
0 0.479812 0.718045 0.041591 0.017326
0 0.472829 0.728179 0.055556 0.018634
0 0.699302 0.658385 0.035519 0.044459
0 0.472829 0.739294 0.055556 0.019941
0 0.709927 0.652337 0.032483 0.040863
3 0.437766 0.624714 0.026715 0.008500
3 0.442623 0.636483 0.012143 0.006538
0 0.575896 0.634848 0.029751 0.036613
0 0.345021 0.058679 0.059806 0.088591
3 0.557681 0.543642 0.010322 0.011769
4 0.479508 0.790945 0.017304 0.010134
0 0.735428 0.756947 0.038555 0.025172
0 0.788403 0.786368 0.044323 0.049363
4 0.721919 0.630925 0.043109 0.068650
3 0.541439 0.265446 0.009411 0.017653
0 0.760170 0.829193 0.026108 0.020595
0 0.855039 0.962896 0.014876 0.015364
0 0.127353 0.183720 0.087128 0.094148
0 0.406497 0.742399 0.034001 0.018307
0 0.780965 0.606080 0.019126 0.016345
0 0.522920 0.900621 0.017304 0.017653
