0 0.447784 0.085023 0.051609 0.039241
0 0.454766 0.074886 0.059502 0.043819
4 0.616727 0.009647 0.034912 0.019294
0 0.689739 0.081589 0.030965 0.024526
4 0.680328 0.024526 0.111111 0.049052
0 0.406648 0.166449 0.025804 0.034663
0 0.430935 0.201929 0.025804 0.036952
0 0.441712 0.195062 0.031573 0.036298
4 0.680935 0.093198 0.041287 0.030085
0 0.707043 0.281720 0.019429 0.025834
0 0.699605 0.276324 0.019126 0.026161
0 0.912568 0.351864 0.034608 0.047744
0 0.874165 0.417593 0.034912 0.048398
0 0.888737 0.405657 0.006982 0.015370
0 0.848968 0.477927 0.020340 0.032374
0 0.840771 0.474330 0.022162 0.031720
0 0.577110 0.410889 0.014572 0.017986
0 0.558743 0.380150 0.027019 0.033028
0 0.673649 0.338293 0.025501 0.032374
0 0.379933 0.113309 0.023983 0.016024
0 0.685792 0.301341 0.020036 0.027796
0 0.302216 0.021419 0.017304 0.019294
0 0.288555 0.006540 0.014876 0.013080
0 0.307984 0.020765 0.011840 0.013407
0 0.330449 0.026815 0.014268 0.012426
0 0.352459 0.071452 0.024287 0.018640
0 0.357013 0.084369 0.011536 0.017005
0 0.982544 0.533682 0.034912 0.106606
0 0.716606 0.245749 0.028233 0.030412
0 0.655889 0.373774 0.041591 0.044474
4 0.693230 0.055265 0.051305 0.055592
0 0.375987 0.105625 0.020947 0.012426
0 0.366576 0.065239 0.011233 0.010137
