4 0.634942 0.985616 0.034912 0.028768
4 0.698543 0.975646 0.111111 0.048709
0 0.320431 0.996731 0.017304 0.006538
0 0.306770 0.985943 0.014876 0.017653
0 0.461900 0.412390 0.164238 0.055247
0 0.448391 0.306473 0.003036 0.008173
3 0.183212 0.323635 0.006982 0.013730
3 0.244839 0.095619 0.004554 0.012095
0 0.437917 0.307453 0.001518 0.006865
0 0.328324 0.925302 0.016090 0.012095
0 0.286430 0.902583 0.012447 0.011115
0 0.249393 0.903563 0.006982 0.004577
0 0.250759 0.905688 0.006072 0.004250
0 0.252732 0.907323 0.004554 0.004904
0 0.252884 0.909121 0.004250 0.005230
0 0.252884 0.911572 0.004250 0.004250
0 0.257134 0.911899 0.004250 0.004904
0 0.258045 0.913534 0.006679 0.006211
0 0.258956 0.915495 0.007286 0.005557
0 0.260474 0.917457 0.006072 0.004904
0 0.262447 0.917947 0.006982 0.005884
0 0.262295 0.920235 0.004857 0.003923
0 0.263661 0.921543 0.006982 0.005230
0 0.265027 0.924812 0.007893 0.005230
0 0.266697 0.926610 0.005161 0.003596
0 0.268215 0.929225 0.005161 0.003596
0 0.268215 0.930860 0.005161 0.003596
0 0.269733 0.932331 0.005768 0.003269
0 0.269885 0.933965 0.006679 0.003269
0 0.280510 0.947532 0.004250 0.004904
0 0.282332 0.948022 0.007286 0.007192
0 0.283698 0.950637 0.008804 0.007846
0 0.283698 0.953416 0.006375 0.006211
0 0.285823 0.954070 0.007590 0.006865
0 0.287037 0.956195 0.008804 0.007192
0 0.288555 0.957502 0.007590 0.007192
0 0.289769 0.959137 0.008197 0.007192
0 0.290984 0.960771 0.007590 0.005884
0 0.292502 0.962079 0.008804 0.007192
0 0.294930 0.965839 0.009411 0.005557
0 0.024287 0.483818 0.038251 0.015038
3 0.188980 0.228996 0.005161 0.013403
0 0.289010 0.899967 0.010322 0.009153
0 0.304493 0.918110 0.015179 0.012749
0 0.307832 0.911246 0.013965 0.009480
0 0.306011 0.914188 0.012143 0.008173
0 0.863692 0.314318 0.035823 0.016672
3 0.264117 0.923341 0.006679 0.004904
0 0.905889 0.316770 0.032180 0.018960
0 0.900273 0.325106 0.032483 0.019287
0 0.962811 0.359922 0.038555 0.022229
0 0.969490 0.348970 0.029447 0.019941
0 0.238312 0.057372 0.004857 0.014711
3 0.186703 0.223439 0.003036 0.005557
0 0.233151 0.176855 0.007893 0.028114
0 0.936855 0.330337 0.011536 0.008173
3 0.185944 0.364989 0.008804 0.004250
4 0.258804 0.883295 0.005768 0.006538
3 0.189435 0.016999 0.007893 0.002615
3 0.443989 0.306800 0.003339 0.004904
3 0.196114 0.364498 0.009715 0.004577
0 0.242107 0.054756 0.003947 0.012095
0 0.239830 0.018634 0.006679 0.017653
3 0.190801 0.277215 0.003339 0.006538
3 0.568002 0.303204 0.010322 0.003596
3 0.189132 0.050180 0.006072 0.014711
3 0.189739 0.021412 0.007286 0.002288
4 0.185337 0.186172 0.003947 0.015364
3 0.240134 0.130271 0.009715 0.003596
4 0.568002 0.293723 0.009715 0.002288
3 0.256831 0.884603 0.006679 0.007192
3 0.241044 0.896371 0.004250 0.004577
3 0.243473 0.894083 0.005464 0.005884
0 0.253339 0.348643 0.005161 0.016672
3 0.189132 0.014547 0.004857 0.002288
3 0.183364 0.341288 0.003643 0.009153
3 0.237250 0.104282 0.007590 0.003269
3 0.249393 0.349788 0.006982 0.020268
0 0.252125 0.330500 0.005768 0.017653
3 0.186855 0.206930 0.006375 0.013076
3 0.488312 0.299608 0.010018 0.003596
3 0.238919 0.114416 0.007286 0.004577
3 0.192016 0.028441 0.010018 0.003269
3 0.250759 0.888853 0.006072 0.006538
3 0.252732 0.886401 0.006375 0.006865
0 0.250304 0.284570 0.005768 0.017980
3 0.241955 0.144165 0.006679 0.002615
3 0.240589 0.134521 0.009411 0.002942
3 0.191712 0.041680 0.005768 0.002942
3 0.191257 0.240765 0.005464 0.010134
3 0.342289 0.315626 0.006982 0.002288
3 0.545993 0.294214 0.007590 0.005884
3 0.569520 0.299444 0.009107 0.003269
0 0.279751 0.402583 0.029447 0.010134
3 0.463418 0.306309 0.008804 0.001961
3 0.421524 0.306146 0.005768 0.002288
3 0.568458 0.291435 0.010625 0.002942
3 0.180631 0.291925 0.004250 0.007846
3 0.261384 0.881334 0.004857 0.005230
0 0.321342 0.711834 0.016697 0.027133
0 0.242562 0.076332 0.004250 0.016672
3 0.191409 0.032200 0.005161 0.004250
3 0.182453 0.303040 0.006072 0.012422
3 0.186703 0.283916 0.010322 0.004250
3 0.355495 0.317751 0.012750 0.006538
3 0.439891 0.306636 0.002429 0.007846
0 0.239678 0.471232 0.015483 0.032364
0 0.353218 0.314482 0.011840 0.003269
3 0.245446 0.893756 0.005768 0.005884
3 0.435641 0.307617 0.003036 0.008500
3 0.569217 0.307290 0.010322 0.004577
3 0.193230 0.135338 0.004554 0.018960
3 0.192319 0.109186 0.005768 0.015691
4 0.372344 0.315463 0.016697 0.004577
0 0.861415 0.327231 0.039769 0.017653
4 0.393594 0.310069 0.019126 0.005557
3 0.240893 0.124714 0.009411 0.004250
3 0.239375 0.108532 0.008197 0.002615
3 0.411961 0.306800 0.007286 0.003596
3 0.432149 0.309088 0.004554 0.010788
3 0.247875 0.893266 0.005768 0.006211
0 0.249393 0.262014 0.005768 0.019941
3 0.191560 0.090389 0.007286 0.017326
3 0.189132 0.019614 0.009107 0.003269
3 0.473740 0.303694 0.006375 0.002615
3 0.526715 0.294541 0.004857 0.001308
3 0.320583 0.385584 0.006679 0.021249
3 0.190498 0.264956 0.005161 0.015364
3 0.189587 0.252043 0.003339 0.007846
3 0.192319 0.036777 0.006982 0.002942
3 0.450213 0.305329 0.003036 0.006538
0 0.326199 0.318568 0.019126 0.006211
3 0.446418 0.306636 0.002732 0.005884
3 0.190498 0.038902 0.008197 0.002615
3 0.240134 0.119647 0.009107 0.002615
3 0.535216 0.297973 0.007893 0.000981
3 0.534760 0.295521 0.008197 0.002615
3 0.181390 0.359104 0.003947 0.008173
0 0.250607 0.308761 0.006375 0.021903
3 0.554493 0.293397 0.009411 0.006865
3 0.184426 0.171298 0.003339 0.008500
3 0.569520 0.296502 0.010929 0.003269
