0 0.974651 0.549199 0.038555 0.018307
0 0.980571 0.541680 0.038859 0.022229
0 0.168033 0.468617 0.031269 0.020595
0 0.197177 0.498365 0.036126 0.022556
0 0.361870 0.259398 0.032787 0.016672
0 0.202793 0.488558 0.035216 0.022556
0 0.784305 0.463550 0.077413 0.046420
0 0.790832 0.452435 0.085003 0.046420
0 0.275501 0.300588 0.016697 0.010134
0 0.488919 0.322164 0.027626 0.020595
0 0.403309 0.287349 0.016697 0.010461
0 0.845325 0.810886 0.075592 0.046747
3 0.518063 0.336058 0.024590 0.018307
0 0.312842 0.319549 0.018519 0.010788
0 0.124013 0.431350 0.019126 0.012095
0 0.326503 0.249101 0.029447 0.015038
0 0.329690 0.243217 0.026715 0.014384
0 0.174863 0.459791 0.032180 0.022556
0 0.207954 0.477934 0.038251 0.026152
0 0.887219 0.499019 0.063449 0.043478
0 0.428810 0.291925 0.024590 0.018307
3 0.620219 0.473030 0.018822 0.009153
0 0.251366 0.267408 0.010322 0.013076
0 0.270036 0.510461 0.076199 0.047401
0 0.088342 0.415659 0.010929 0.006865
3 0.595021 0.374469 0.023679 0.019941
0 0.097450 0.430696 0.012750 0.006211
0 0.101093 0.421380 0.023072 0.012422
0 0.123103 0.438215 0.017304 0.010134
0 0.533394 0.421216 0.033394 0.012749
3 0.629326 0.393593 0.041894 0.026806
0 0.098057 0.425956 0.020644 0.011115
0 0.332271 0.328048 0.016697 0.009480
0 0.140103 0.440503 0.011840 0.006211
0 0.554189 0.355508 0.037341 0.024518
0 0.397541 0.278522 0.027019 0.018307
0 0.508197 0.406669 0.022465 0.018307
0 0.137219 0.444263 0.013358 0.006538
0 0.460990 0.606898 0.095628 0.047401
0 0.489375 0.840307 0.088039 0.042824
