3 0.565776 0.925195 0.025025 0.020967
3 0.395502 0.960732 0.008455 0.006041
3 0.301826 0.978500 0.010484 0.007463
3 0.276463 0.988628 0.011160 0.007818
3 0.283903 0.904762 0.010484 0.006397
3 0.262428 0.928749 0.009469 0.006752
3 0.251945 0.960554 0.008116 0.007107
3 0.226243 0.993959 0.008793 0.004975
3 0.232161 0.919865 0.006425 0.005330
3 0.188367 0.927150 0.012175 0.007107
3 0.189381 0.965352 0.012851 0.007463
3 0.166554 0.976013 0.009807 0.006041
3 0.123098 0.947050 0.009469 0.005686
3 0.130876 0.918977 0.010145 0.005686
3 0.098749 0.929104 0.010145 0.007463
3 0.026547 0.922886 0.011160 0.008529
3 0.077612 0.915601 0.007102 0.003909
3 0.042611 0.864072 0.008793 0.002488
3 0.104667 0.895878 0.011160 0.004975
3 0.140176 0.898188 0.010484 0.005330
3 0.154887 0.875977 0.010822 0.004264
3 0.062902 0.821784 0.008793 0.003198
3 0.133074 0.846660 0.011160 0.004620
3 0.165708 0.837065 0.010145 0.003909
3 0.136625 0.827114 0.008793 0.003909
3 0.205445 0.822139 0.011160 0.004620
3 0.183801 0.826404 0.008455 0.003198
3 0.231823 0.886283 0.009131 0.005686
3 0.221001 0.862829 0.009807 0.004975
3 0.289990 0.831912 0.007778 0.004264
3 0.326682 0.872424 0.010822 0.006397
3 0.361177 0.810235 0.010145 0.005686
3 0.386540 0.821073 0.020291 0.009595
3 0.436253 0.838131 0.016233 0.011727
3 0.414778 0.863006 0.017924 0.011016
3 0.479540 0.851102 0.010145 0.007107
3 0.553094 0.843639 0.018600 0.019900
3 0.536862 0.852168 0.007778 0.006397
3 0.428475 0.802772 0.012175 0.008529
3 0.374366 0.792466 0.011498 0.006397
3 0.359317 0.736674 0.010484 0.004264
3 0.328035 0.746979 0.008116 0.004264
3 0.288299 0.785892 0.011160 0.003909
3 0.298613 0.760839 0.011498 0.007107
3 0.303010 0.806859 0.008793 0.004620
3 0.271390 0.808635 0.010484 0.004620
3 0.224890 0.776119 0.010822 0.004264
3 0.231316 0.751599 0.010822 0.004264
3 0.210348 0.743426 0.010145 0.004264
3 0.178898 0.744492 0.012175 0.004975
3 0.183801 0.792289 0.011160 0.003909
3 0.149138 0.803838 0.008116 0.004264
3 0.064592 0.760128 0.007440 0.002843
3 0.155394 0.736674 0.007778 0.005686
3 0.139838 0.713397 0.009131 0.006752
3 0.084207 0.720682 0.007440 0.002843
3 0.118532 0.690121 0.011160 0.004975
3 0.118701 0.694385 0.010822 0.005686
3 0.135780 0.661692 0.009807 0.007818
3 0.163510 0.683369 0.007778 0.006397
3 0.182448 0.678571 0.011160 0.007463
3 0.206121 0.714286 0.007102 0.004264
3 0.209503 0.683014 0.006425 0.006397
3 0.230132 0.709133 0.011160 0.006041
3 0.219479 0.661336 0.006087 0.005686
3 0.249577 0.679638 0.008793 0.003198
3 0.309435 0.729744 0.010822 0.005330
3 0.289652 0.722814 0.010484 0.003554
3 0.268346 0.732409 0.009131 0.006397
3 0.278999 0.690832 0.007440 0.004264
3 0.322455 0.690476 0.011160 0.004264
3 0.288975 0.673241 0.007102 0.003909
3 0.333953 0.675018 0.009131 0.003198
3 0.324992 0.657605 0.009469 0.005330
3 0.370139 0.694030 0.018600 0.009950
3 0.451471 0.645522 0.018262 0.010306
3 0.363882 0.616915 0.014880 0.005686
3 0.323639 0.614250 0.006764 0.006041
3 0.200372 0.645700 0.006425 0.005686
3 0.183294 0.621535 0.008793 0.007818
3 0.158607 0.622779 0.006764 0.006041
3 0.160298 0.644456 0.010145 0.006752
3 0.135441 0.606610 0.007102 0.009240
3 0.126649 0.596482 0.005749 0.006752
3 0.102131 0.573561 0.005411 0.006397
3 0.129692 0.565032 0.005073 0.005686
3 0.158438 0.573916 0.006425 0.007818
3 0.180758 0.569829 0.005749 0.009595
3 0.200710 0.574627 0.005749 0.007107
3 0.224045 0.587242 0.004396 0.006041
3 0.242814 0.571606 0.004735 0.006041
3 0.257186 0.587953 0.005073 0.006752
3 0.268008 0.602168 0.007778 0.006041
3 0.287961 0.590796 0.004396 0.006041
3 0.177376 0.539268 0.005073 0.007463
3 0.156916 0.517768 0.004735 0.007107
3 0.147109 0.534648 0.004735 0.006041
3 0.109232 0.531272 0.004735 0.006397
3 0.121914 0.512615 0.004396 0.006752
3 0.144741 0.490938 0.004058 0.007463
3 0.119547 0.465885 0.005073 0.007107
3 0.130707 0.483120 0.004396 0.006752
3 0.220325 0.291400 0.009807 0.007107
3 0.218296 0.294954 0.012513 0.007818
3 0.216436 0.298685 0.012175 0.008173
3 0.309773 0.400675 0.006764 0.018834
3 0.322962 0.401386 0.008793 0.017413
3 0.316199 0.401031 0.007440 0.016702
3 0.329895 0.401741 0.007102 0.020967
3 0.337335 0.399964 0.007778 0.018124
3 0.345113 0.399254 0.007102 0.017413
3 0.225905 0.236141 0.011498 0.015991
3 0.219648 0.233120 0.011160 0.016347
3 0.245181 0.501066 0.009469 0.021322
0 0.660467 0.141436 0.027054 0.049041
4 0.764626 0.030917 0.031113 0.018479
3 0.328373 0.991116 0.015556 0.009950
3 0.578796 0.982587 0.018600 0.019190
0 0.074569 0.539623 0.009131 0.008173
0 0.754650 0.090974 0.019953 0.022743
3 0.743490 0.954691 0.013865 0.012438
4 0.667230 0.931770 0.016909 0.019190
3 0.544809 0.966596 0.013527 0.010661
3 0.516233 0.936389 0.016571 0.012793
3 0.474806 0.920753 0.013527 0.009950
3 0.438789 0.966951 0.013189 0.010661
3 0.357119 0.953980 0.010822 0.008173
3 0.325330 0.949183 0.006764 0.006397
3 0.314508 0.935146 0.008116 0.006041
3 0.284241 0.953625 0.010484 0.009595
3 0.384680 0.895167 0.009131 0.007107
3 0.361684 0.912225 0.011836 0.009240
3 0.319242 0.895522 0.008116 0.004975
3 0.210856 0.959666 0.013189 0.007463
3 0.153196 0.933547 0.008116 0.006397
3 0.036185 0.974058 0.012175 0.009240
3 0.101792 0.836354 0.010822 0.003909
3 0.212885 0.902807 0.009131 0.003909
3 0.225566 0.840618 0.010822 0.006041
4 0.261921 0.882552 0.007778 0.006041
3 0.257525 0.861940 0.007102 0.004620
3 0.265641 0.848792 0.007102 0.004620
3 0.285086 0.862651 0.008793 0.006752
3 0.310450 0.828003 0.012175 0.007107
3 0.337842 0.832978 0.010145 0.004975
3 0.356442 0.853589 0.009469 0.006397
3 0.377748 0.872068 0.005411 0.006397
3 0.388062 0.855366 0.007778 0.006397
3 0.442509 0.882018 0.010484 0.009950
3 0.513527 0.878820 0.015218 0.013504
3 0.608556 0.860341 0.011836 0.009240
3 0.457220 0.756752 0.020291 0.015991
4 0.339871 0.796198 0.008116 0.005330
4 0.272912 0.753021 0.010822 0.004264
3 0.256003 0.786603 0.010822 0.006041
4 0.241630 0.807925 0.008455 0.004620
3 0.156239 0.775409 0.007440 0.003554
3 0.121069 0.809879 0.007440 0.003554
3 0.088941 0.812011 0.009469 0.004975
3 0.130876 0.779495 0.007440 0.003909
3 0.096889 0.771677 0.006425 0.003198
3 0.128001 0.735608 0.007778 0.004975
3 0.117180 0.735963 0.007102 0.003554
3 0.188705 0.710732 0.006764 0.004975
3 0.263104 0.703802 0.008116 0.003198
3 0.297430 0.700426 0.012513 0.004975
3 0.292188 0.657427 0.006764 0.004264
3 0.397193 0.730277 0.023334 0.012793
3 0.496618 0.720682 0.025364 0.016347
4 0.494758 0.712331 0.018938 0.011016
3 0.445384 0.613539 0.016909 0.012438
3 0.410213 0.638593 0.016909 0.010661
3 0.411735 0.645522 0.014542 0.011016
3 0.292188 0.609097 0.006087 0.006397
3 0.303348 0.634151 0.006764 0.005330
3 0.287115 0.630242 0.006764 0.005330
3 0.273081 0.649254 0.007778 0.004975
3 0.246703 0.629531 0.006425 0.005330
3 0.233852 0.641080 0.007778 0.004975
3 0.228779 0.610874 0.006425 0.004975
3 0.212885 0.609453 0.005073 0.004975
3 0.308421 0.594350 0.006087 0.006041
3 0.502875 0.514392 0.014880 0.013859
3 0.481907 0.529495 0.013527 0.014215
3 0.215590 0.303305 0.011160 0.009595
3 0.212208 0.305970 0.010484 0.009950
3 0.219648 0.287313 0.011836 0.006041
3 0.205614 0.275942 0.006764 0.012438
3 0.156578 0.344705 0.012851 0.012082
3 0.150659 0.347548 0.012513 0.014925
3 0.280521 0.366382 0.011160 0.014215
3 0.274941 0.361763 0.011498 0.016347
3 0.248901 0.400142 0.010822 0.018479
3 0.255157 0.403873 0.010484 0.015281
3 0.260568 0.409559 0.011836 0.015281
3 0.268684 0.409204 0.012513 0.018124
3 0.274772 0.412047 0.011160 0.015991
3 0.202063 0.275053 0.006425 0.011372
3 0.279337 0.415068 0.010145 0.014215
3 0.215083 0.421464 0.016233 0.009240
3 0.216436 0.427505 0.016233 0.007818
3 0.216605 0.434435 0.016571 0.008884
3 0.247379 0.462154 0.007778 0.017413
3 0.239939 0.461620 0.009131 0.020611
3 0.230808 0.462154 0.009807 0.020256
3 0.224214 0.464286 0.006764 0.016702
3 0.218465 0.463220 0.006764 0.015991
3 0.211363 0.461798 0.008793 0.018834
3 0.286439 0.517235 0.009469 0.015991
3 0.292188 0.513682 0.007440 0.014570
3 0.294386 0.455935 0.009807 0.015636
3 0.301488 0.457534 0.009131 0.015281
3 0.313832 0.480100 0.013527 0.014215
3 0.316706 0.487029 0.016571 0.013859
3 0.357964 0.441009 0.011836 0.013504
3 0.361684 0.444918 0.011836 0.012793
3 0.360162 0.511727 0.016233 0.012793
3 0.365404 0.515281 0.014542 0.011372
3 0.380284 0.529495 0.011160 0.017058
3 0.386710 0.527719 0.010484 0.014925
3 0.392289 0.525053 0.011498 0.013859
3 0.396517 0.520078 0.012513 0.015991
3 0.401759 0.515458 0.011498 0.015991
3 0.406493 0.511372 0.009469 0.017768
3 0.332601 0.557569 0.012513 0.017058
3 0.326513 0.561123 0.011836 0.016347
3 0.383159 0.483653 0.012851 0.014925
0 0.948089 0.271322 0.103821 0.143923
0 0.864220 0.313077 0.026716 0.027008
0 0.749915 0.332800 0.016571 0.023810
0 0.741461 0.295665 0.022658 0.049751
0 0.695637 0.208067 0.031789 0.052239
0 0.706290 0.203625 0.024687 0.055437
0 0.713730 0.194385 0.011160 0.024165
0 0.719648 0.192786 0.011498 0.025231
0 0.768008 0.020611 0.049374 0.025586
3 0.170105 0.897832 0.010145 0.005330
3 0.143050 0.979211 0.009469 0.006041
3 0.104498 0.974947 0.010145 0.006041
3 0.071694 0.873490 0.012175 0.004975
3 0.248901 0.829424 0.009469 0.004264
3 0.214068 0.800995 0.012851 0.004975
3 0.377579 0.757285 0.011836 0.005686
3 0.191241 0.772921 0.009131 0.003554
3 0.097565 0.685501 0.009807 0.007107
4 0.209503 0.339908 0.015894 0.012438
0 0.193439 0.350924 0.012851 0.012438
3 0.379270 0.994136 0.010484 0.008173
3 0.769192 0.678749 0.024011 0.022033
0 0.637978 0.090974 0.019276 0.034115
0 0.647278 0.088664 0.020967 0.035181
