3 0.218003 0.321566 0.009373 0.008442
3 0.112799 0.756715 0.007111 0.007675
0 0.521655 0.796239 0.079509 0.032233
0 0.632030 0.876631 0.049451 0.049501
3 0.129444 0.314275 0.004202 0.001535
0 0.494829 0.958749 0.116354 0.082502
0 0.644150 0.845165 0.091791 0.101688
0 0.632030 0.854758 0.088235 0.101688
0 0.744829 0.956063 0.090821 0.087874
0 0.734971 0.962203 0.089205 0.075595
0 0.719619 0.964505 0.094053 0.070990
3 0.524725 0.763622 0.004848 0.007675
4 0.083064 0.250192 0.006464 0.010744
4 0.137686 0.314467 0.009050 0.014965
3 0.510827 0.768419 0.004848 0.009593
4 0.067227 0.140061 0.018746 0.019186
3 0.038138 0.534728 0.004525 0.008826
4 0.125889 0.233883 0.019069 0.011128
3 0.520524 0.764582 0.004848 0.008058
0 0.902715 0.962203 0.022624 0.012663
3 0.040886 0.532041 0.005495 0.009593
4 0.221235 0.325019 0.016484 0.015349
