0 0.994251 0.167615 0.011498 0.070032
0 0.982076 0.164060 0.016233 0.057945
0 0.697159 0.922680 0.032127 0.025951
0 0.679743 0.734980 0.052756 0.038749
0 0.781535 0.295059 0.034494 0.101671
0 0.797261 0.296125 0.040920 0.100960
0 0.814846 0.295414 0.049036 0.093139
0 0.378255 0.525773 0.052418 0.040526
0 0.260399 0.602560 0.033818 0.051902
0 0.542780 0.545859 0.050727 0.046569
0 0.533311 0.538749 0.046669 0.042304
0 0.311464 0.526840 0.041258 0.063278
3 0.549543 0.504088 0.010822 0.010665
0 0.616334 0.471916 0.102469 0.083541
4 0.523842 0.532883 0.033142 0.029861
0 0.210010 0.632776 0.054785 0.019908
3 0.430504 0.564522 0.004058 0.003555
0 0.824484 0.293637 0.027731 0.046214
0 0.837335 0.292215 0.030436 0.046925
4 0.405648 0.808745 0.032127 0.020619
0 0.595705 0.940633 0.024687 0.036971
0 0.447582 0.697831 0.004396 0.005688
0 0.719141 0.901351 0.024687 0.039460
0 0.422726 0.648418 0.029084 0.019197
0 0.743659 0.433701 0.056814 0.034127
3 0.752452 0.270530 0.005411 0.012798
0 0.503551 0.697831 0.043963 0.020619
0 0.501522 0.687878 0.048022 0.022041
0 0.454346 0.674014 0.015894 0.029861
0 0.445722 0.677213 0.013527 0.028439
0 0.438282 0.678457 0.014204 0.027373
0 0.572878 0.835585 0.039905 0.024529
0 0.264964 0.656417 0.026716 0.008887
0 0.458911 0.587629 0.018262 0.009243
0 0.587251 0.840028 0.055123 0.029150
0 0.606527 0.856203 0.049713 0.033061
3 0.945215 0.134732 0.010145 0.017064
3 0.472100 0.530217 0.008793 0.011020
0 0.788806 0.186278 0.014542 0.029861
0 0.940480 0.130110 0.011498 0.016353
0 0.498647 0.678457 0.049713 0.024529
0 0.312986 0.649840 0.028069 0.019908
0 0.380791 0.607536 0.041934 0.027728
3 0.949273 0.135265 0.010145 0.016708
0 0.794555 0.184145 0.015218 0.029150
0 0.791850 0.224493 0.014542 0.028084
3 0.425600 0.655706 0.031451 0.017419
0 0.342577 0.630643 0.027731 0.022752
0 0.427968 0.663171 0.030774 0.018841
4 0.452655 0.512264 0.007778 0.009243
0 0.777477 0.188411 0.012175 0.030572
3 0.449442 0.696943 0.004735 0.006754
0 0.938451 0.151617 0.010145 0.018130
3 0.935915 0.108958 0.010484 0.015286
3 0.960264 0.120690 0.010484 0.018130
3 0.440480 0.697298 0.008455 0.013153
0 0.928644 0.147352 0.011498 0.018841
0 0.726919 0.410771 0.063240 0.038749
3 0.939973 0.110736 0.011160 0.014575
0 0.781028 0.228048 0.012513 0.026662
0 0.796246 0.221294 0.015894 0.028795
0 0.608894 0.754533 0.055800 0.027373
0 0.943524 0.112869 0.008793 0.013864
0 0.612614 0.769996 0.059182 0.027017
0 0.936591 0.128333 0.011160 0.013509
3 0.952993 0.117135 0.010822 0.018841
3 0.437775 0.707074 0.016571 0.007110
3 0.451302 0.509243 0.007778 0.008887
0 0.953669 0.096694 0.010145 0.017775
4 0.962124 0.098294 0.011498 0.017419
3 0.783226 0.188411 0.014204 0.027728
3 0.475989 0.528795 0.010484 0.011020
3 0.963476 0.121934 0.010145 0.018486
0 0.494589 0.666548 0.061211 0.029150
0 0.541934 0.706186 0.019276 0.033061
0 0.731146 0.424813 0.068312 0.036971
3 0.786270 0.226449 0.014880 0.029861
3 0.806899 0.215962 0.016909 0.028084
3 0.956037 0.118557 0.010822 0.016708
3 0.801488 0.218806 0.012851 0.026662
0 0.947244 0.114113 0.009469 0.014220
0 0.553602 0.702808 0.021644 0.034127
3 0.444369 0.697654 0.007440 0.013153
0 0.953162 0.137576 0.010484 0.018486
0 0.932702 0.148774 0.011498 0.018841
3 0.949611 0.095094 0.010145 0.017419
0 0.771052 0.192855 0.014204 0.029506
