0 0.160974 0.166726 0.045993 0.147174
0 0.027900 0.267330 0.020629 0.056879
0 0.071694 0.529150 0.045993 0.162460
0 0.174163 0.994490 0.170443 0.011020
4 0.010484 0.113758 0.014880 0.014931
0 0.014542 0.179701 0.027731 0.070032
0 0.001184 0.176146 0.002367 0.057945
3 0.466013 0.222360 0.020291 0.016708
0 0.192932 0.545681 0.007778 0.018486
3 0.143558 0.028973 0.009131 0.018130
3 0.122252 0.009243 0.011836 0.018486
3 0.189043 0.551191 0.006087 0.014575
3 0.132060 0.031994 0.011160 0.018486
3 0.130538 0.009243 0.012175 0.018486
0 0.142205 0.007643 0.011836 0.015286
3 0.115996 0.009954 0.009469 0.019197
3 0.137301 0.029506 0.013527 0.019197
3 0.134258 0.063278 0.014880 0.017775
0 0.127325 0.033061 0.013189 0.019908
3 0.269361 0.071632 0.020629 0.011731
3 0.136625 0.010665 0.013527 0.021330
3 0.127832 0.068610 0.014880 0.019197
3 0.122252 0.036793 0.012513 0.018841
0 0.148969 0.025240 0.011836 0.020619
