3 0.134089 0.992360 0.011836 0.015281
3 0.142374 0.992360 0.012175 0.015281
0 0.154041 0.992360 0.011836 0.015281
3 0.127832 0.994136 0.009469 0.011727
3 0.148461 0.992360 0.013527 0.015281
0 0.016233 0.697584 0.032465 0.064677
0 0.006764 0.605899 0.013527 0.091684
0 0.338857 0.124911 0.014880 0.031628
0 0.320257 0.263682 0.066283 0.164890
0 0.265810 0.494670 0.075752 0.189765
0 0.224383 0.612473 0.017247 0.034471
0 0.210687 0.741649 0.059520 0.179104
0 0.089280 0.658849 0.009469 0.018479
0 0.025364 0.760306 0.026378 0.057925
0 0.063578 0.427505 0.013527 0.014925
0 0.108387 0.097903 0.036862 0.082090
0 0.121069 0.441187 0.016233 0.033049
0 0.110923 0.893035 0.013527 0.022033
0 0.725736 0.785181 0.023673 0.020256
3 0.135441 0.969083 0.012513 0.022033
3 0.142374 0.966951 0.014204 0.017768
4 0.138992 0.359808 0.035171 0.074982
3 0.130876 0.972281 0.014204 0.020611
3 0.124112 0.971748 0.011498 0.023810
0 0.109401 0.492893 0.023334 0.043355
