0 0.746997 0.486817 0.035267 0.185197
0 0.847432 0.713787 0.014822 0.092122
0 0.914388 0.214898 0.156402 0.066391
0 0.304114 0.298285 0.184513 0.030496
0 0.420521 0.597840 0.026323 0.161372
0 0.548301 0.689327 0.026834 0.145489
0 0.746103 0.724905 0.034500 0.187421
0 0.646052 0.376112 0.171735 0.040661
0 0.037184 0.279543 0.074367 0.058450
0 0.862126 0.472681 0.032967 0.186150
0 0.096857 0.025889 0.096601 0.051779
0 0.977511 0.269695 0.035778 0.028590
0 0.623051 0.239994 0.016356 0.013024
0 0.183746 0.054003 0.027089 0.025413
0 0.177485 0.047490 0.033989 0.027001
0 0.879249 0.155972 0.033478 0.020330
0 0.045745 0.110705 0.091490 0.054320
