0 0.826859 0.229352 0.007411 0.013342
0 0.823281 0.228717 0.008433 0.013977
3 0.847943 0.096728 0.009200 0.005400
0 0.748658 0.122300 0.020700 0.033037
3 0.849476 0.090375 0.014822 0.008577
0 0.816509 0.387548 0.039867 0.017789
3 0.755431 0.051779 0.006645 0.011436
4 0.820470 0.226970 0.006900 0.014295
4 0.843087 0.107370 0.007667 0.005083
0 0.770381 0.382465 0.037056 0.019695
0 0.934705 0.913596 0.130590 0.070521
0 0.874265 0.397713 0.058267 0.024142
4 0.554945 0.655019 0.016100 0.045108
0 0.611168 0.651842 0.045234 0.028590
0 0.929210 0.263342 0.041400 0.018424
0 0.757347 0.089740 0.016100 0.039072
0 0.805520 0.397872 0.021978 0.009212
0 0.849476 0.172014 0.016356 0.045426
0 0.732686 0.372459 0.024534 0.023825
0 0.966139 0.369123 0.014567 0.028590
0 0.959494 0.400413 0.015078 0.035260
0 0.923716 0.270966 0.038078 0.016518
0 0.816509 0.380241 0.042934 0.017154
0 0.805392 0.391360 0.028878 0.013977
0 0.688985 0.538119 0.112446 0.041931
0 0.887043 0.260642 0.043956 0.015565
0 0.980705 0.347681 0.014567 0.022554
0 0.776642 0.372300 0.036289 0.018424
3 0.837976 0.248729 0.032711 0.012071
0 0.969461 0.284943 0.032967 0.015883
0 0.887299 0.253335 0.035778 0.011118
4 0.902760 0.384530 0.014056 0.007942
0 0.927933 0.415661 0.044978 0.021283
0 0.748786 0.854828 0.192180 0.065438
0 0.864554 0.124682 0.014311 0.037166
0 0.737797 0.376429 0.019934 0.025413
0 0.971505 0.276842 0.035523 0.016836
