0 0.989780 0.650889 0.020439 0.109911
4 0.903040 0.001747 0.019673 0.003494
0 0.712570 0.936309 0.015841 0.008577
3 0.735437 0.970616 0.010986 0.007306
4 0.888094 0.007465 0.007154 0.004765
4 0.887839 0.049238 0.013286 0.008895
4 0.886178 0.054479 0.021206 0.013659
4 0.884773 0.061785 0.020439 0.011118
4 0.880685 0.068933 0.019417 0.010165
4 0.877747 0.073221 0.013030 0.007306
4 0.875703 0.077510 0.015074 0.007624
4 0.877108 0.085928 0.020439 0.009212
4 0.877108 0.093710 0.016352 0.008259
4 0.872892 0.120076 0.013541 0.008259
0 0.941875 0.239041 0.085079 0.065756
3 0.858968 0.156766 0.013286 0.010483
0 0.886433 0.566550 0.162749 0.044790
3 0.866249 0.091645 0.006387 0.005400
3 0.920669 0.127382 0.008431 0.009530
3 0.883112 0.607052 0.004343 0.006989
3 0.889116 0.112294 0.005621 0.006036
0 0.737481 0.957751 0.012008 0.020330
4 0.734159 0.929797 0.004343 0.007624
3 0.731349 0.929956 0.004343 0.007306
3 0.864205 0.132306 0.010986 0.006036
3 0.875064 0.132942 0.006132 0.006671
4 0.871231 0.110229 0.013286 0.007624
3 0.848237 0.598793 0.003577 0.005718
0 0.729688 0.495235 0.052121 0.117535
0 0.732371 0.873571 0.009964 0.027954
0 0.722918 0.874365 0.008942 0.026366
3 0.733521 0.967440 0.008176 0.004765
4 0.870720 0.141677 0.016352 0.009530
3 0.886433 0.111976 0.005365 0.006671
3 0.858968 0.600540 0.004088 0.006036
3 0.909428 0.144854 0.006898 0.004447
0 0.719852 0.844028 0.017118 0.034307
4 0.874681 0.100064 0.017629 0.006989
4 0.899463 0.008577 0.012008 0.009530
0 0.730455 0.910578 0.013797 0.039708
3 0.895503 0.125318 0.007154 0.006036
4 0.904829 0.143107 0.004343 0.006671
3 0.853986 0.599111 0.003321 0.006353
3 0.862289 0.106099 0.006132 0.005083
0 0.740291 0.906766 0.012008 0.028907
4 0.871487 0.126747 0.011753 0.005083
3 0.861650 0.127224 0.007409 0.006671
