0 0.000766 0.705303 0.001533 0.005716
4 0.003448 0.868053 0.006897 0.009844
3 0.001788 0.698158 0.003576 0.004128
4 0.001149 0.768180 0.002299 0.003811
4 0.002171 0.765481 0.004342 0.004128
3 0.003065 0.011432 0.005619 0.003811
0 0.001660 0.947920 0.003321 0.019689
3 0.002043 0.751350 0.004087 0.007621
3 0.002937 0.796126 0.005875 0.005716
4 0.002554 0.812321 0.005109 0.007621
4 0.000894 0.858844 0.001788 0.013655
0 0.006386 0.687202 0.004598 0.003176
0 0.009195 0.682915 0.006130 0.004128
3 0.014687 0.695776 0.003831 0.004446
0 0.011239 0.688790 0.004087 0.005081
3 0.087739 0.681010 0.005875 0.006034
4 0.089655 0.786440 0.007663 0.019371
0 0.030907 0.832487 0.013793 0.006034
4 0.008812 0.812956 0.005875 0.008892
3 0.033461 0.709114 0.006130 0.006986
3 0.041507 0.743887 0.004342 0.006034
3 0.113282 0.743569 0.008940 0.009209
3 0.042018 0.703557 0.004853 0.006669
3 0.065773 0.668466 0.004853 0.006986
3 0.093614 0.711654 0.004853 0.006986
3 0.084930 0.739282 0.006386 0.008892
3 0.104470 0.717847 0.005109 0.006669
3 0.036654 0.689902 0.004853 0.005399
3 0.067433 0.709432 0.006130 0.006986
3 0.020562 0.724833 0.005875 0.009844
3 0.078927 0.687361 0.005109 0.006034
3 0.058621 0.673706 0.005875 0.006034
3 0.047126 0.664973 0.005875 0.006986
3 0.082631 0.677358 0.004342 0.005716
3 0.025798 0.737695 0.004598 0.006351
4 0.024904 0.694824 0.004853 0.006986
3 0.075607 0.723563 0.005619 0.007304
3 0.057344 0.801207 0.003831 0.006986
0 0.067178 0.829787 0.015837 0.010162
3 0.109195 0.723722 0.005875 0.008257
3 0.101405 0.741664 0.005619 0.009844
4 0.084674 0.844395 0.015581 0.017148
3 0.071520 0.721181 0.005619 0.008257
3 0.093231 0.702286 0.005109 0.007304
3 0.057599 0.669736 0.003831 0.004446
3 0.057982 0.765005 0.004087 0.006351
3 0.115453 0.720864 0.005619 0.006351
3 0.046871 0.760559 0.005364 0.006986
3 0.043423 0.683550 0.004598 0.006034
3 0.091699 0.690219 0.005619 0.005399
3 0.063474 0.764846 0.004853 0.007939
4 0.069349 0.668943 0.004342 0.004763
3 0.052874 0.710861 0.006130 0.007939
3 0.093870 0.690695 0.004342 0.005081
3 0.100639 0.715624 0.005109 0.006034
3 0.080715 0.762147 0.005109 0.006986
3 0.091443 0.683868 0.005619 0.007304
3 0.094764 0.737377 0.004087 0.006351
4 0.050319 0.687520 0.005109 0.006351
4 0.104087 0.694189 0.006897 0.008257
3 0.076117 0.694030 0.006130 0.006034
3 0.027075 0.749603 0.005619 0.007939
3 0.091188 0.731661 0.005619 0.006986
3 0.091060 0.759765 0.007407 0.009209
4 0.053768 0.722928 0.004853 0.007304
4 0.033716 0.679104 0.005109 0.006669
3 0.003831 0.693236 0.005109 0.003811
3 0.005364 0.701016 0.005109 0.003493
3 0.006258 0.690219 0.006386 0.004763
0 0.008685 0.685614 0.005619 0.004446
4 0.013027 0.695300 0.005109 0.005399
3 0.152874 0.779613 0.007407 0.005716
3 0.010600 0.778025 0.006386 0.003811
3 0.043806 0.715624 0.003831 0.005399
4 0.054917 0.712766 0.005109 0.004763
4 0.107663 0.450937 0.004342 0.003811
3 0.044444 0.025246 0.004598 0.003493
4 0.617752 0.291362 0.004342 0.002858
3 0.010089 0.757542 0.005875 0.002223
3 0.012644 0.760083 0.005364 0.002858
3 0.086462 0.679581 0.005875 0.006351
3 0.119157 0.732931 0.004853 0.008257
0 0.042529 0.907272 0.011494 0.019054
3 0.030396 0.886313 0.009706 0.005081
3 0.047765 0.790410 0.005109 0.006986
3 0.020690 0.732614 0.004598 0.006986
3 0.028480 0.738965 0.005364 0.006986
3 0.060409 0.756113 0.003831 0.006351
3 0.063091 0.708003 0.005109 0.005399
3 0.084802 0.705303 0.005619 0.006351
4 0.018646 0.870753 0.008174 0.013973
3 0.062197 0.802318 0.004342 0.007304
3 0.060920 0.725627 0.006897 0.008257
3 0.082503 0.728962 0.004598 0.007304
3 0.062835 0.715783 0.006130 0.008257
3 0.032567 0.685138 0.004342 0.006034
3 0.098851 0.693077 0.004598 0.004763
3 0.070243 0.680851 0.004598 0.006986
3 0.098595 0.723722 0.005109 0.006986
0 0.029374 0.837726 0.015326 0.008257
3 0.072414 0.804541 0.007407 0.012385
3 0.059515 0.802001 0.003065 0.005399
3 0.017625 0.733884 0.004598 0.006351
3 0.056960 0.753414 0.004087 0.004763
4 0.021201 0.813274 0.006130 0.010162
3 0.088761 0.708955 0.004342 0.006669
4 0.031418 0.827564 0.011750 0.005716
3 0.061558 0.705621 0.005619 0.004446
4 0.042273 0.883931 0.008940 0.013020
4 0.053640 0.826453 0.013793 0.007939
3 0.050830 0.784852 0.004598 0.006669
3 0.080715 0.853922 0.006130 0.005081
3 0.040741 0.692124 0.005875 0.006034
3 0.115070 0.706256 0.006386 0.005716
3 0.055172 0.668943 0.005619 0.006034
3 0.011111 0.738330 0.004853 0.005081
3 0.033844 0.751508 0.005875 0.008574
3 0.065645 0.757383 0.004598 0.006351
3 0.021584 0.880438 0.004853 0.003493
3 0.034483 0.731502 0.005109 0.007939
3 0.042784 0.733884 0.004853 0.006351
3 0.056577 0.744522 0.005875 0.009209
3 0.054278 0.740553 0.005875 0.006986
3 0.076117 0.751032 0.005109 0.006351
3 0.048276 0.686408 0.004598 0.006034
3 0.081865 0.689584 0.005364 0.006669
3 0.068199 0.679898 0.005109 0.006351
3 0.043295 0.830422 0.004853 0.005716
3 0.014432 0.815338 0.005875 0.010480
4 0.059770 0.693871 0.005619 0.006351
3 0.053001 0.691331 0.004853 0.006351
3 0.009579 0.736901 0.004853 0.005399
3 0.043550 0.674182 0.003831 0.005081
4 0.054278 0.923627 0.016092 0.008574
3 0.041252 0.891235 0.006386 0.006669
3 0.018391 0.943315 0.005619 0.007304
3 0.049170 0.743093 0.004342 0.005716
3 0.050447 0.749603 0.004342 0.006034
4 0.037292 0.741823 0.005619 0.007621
3 0.045594 0.734519 0.004853 0.007621
3 0.071137 0.691013 0.005364 0.005081
3 0.027075 0.817720 0.006130 0.009527
3 0.055428 0.787393 0.002554 0.004763
3 0.048020 0.748968 0.005109 0.006669
3 0.047765 0.676246 0.005109 0.007304
4 0.059387 0.704351 0.004342 0.006351
3 0.061558 0.893458 0.007152 0.004763
3 0.018008 0.814386 0.005875 0.011115
3 0.097573 0.704192 0.005109 0.006669
4 0.087739 0.696729 0.004853 0.007621
3 0.040230 0.951413 0.004853 0.005716
3 0.031801 0.800889 0.005364 0.006986
4 0.045338 0.685297 0.004342 0.005081
3 0.090932 0.722452 0.005619 0.006986
3 0.046616 0.706574 0.004853 0.006351
3 0.072797 0.683392 0.005619 0.006351
3 0.071648 0.672118 0.005364 0.006034
3 0.038953 0.830581 0.003321 0.006034
3 0.037803 0.837885 0.004598 0.006669
3 0.076884 0.813909 0.003576 0.006351
3 0.044317 0.706415 0.004342 0.006034
3 0.060153 0.669260 0.003831 0.005399
0 0.038697 0.682280 0.003831 0.004128
3 0.053001 0.701175 0.005875 0.006986
3 0.035888 0.681010 0.003831 0.005399
4 0.051596 0.832328 0.010728 0.006986
3 0.046360 0.782788 0.004342 0.005716
3 0.057088 0.786123 0.004342 0.006034
3 0.004598 0.750397 0.006130 0.008892
3 0.029885 0.750556 0.005109 0.007939
3 0.029885 0.685297 0.003576 0.005716
3 0.050447 0.719594 0.004853 0.007621
3 0.100255 0.726739 0.005364 0.006034
3 0.077778 0.712607 0.005364 0.007621
3 0.073052 0.692124 0.005619 0.006034
3 0.050447 0.699905 0.004853 0.006351
4 0.012516 0.866942 0.011239 0.016513
3 0.041252 0.830581 0.003321 0.006034
3 0.011877 0.814227 0.006386 0.011432
3 0.074585 0.768498 0.004598 0.006986
3 0.042912 0.745316 0.005109 0.005716
3 0.087612 0.758495 0.005619 0.009209
3 0.046743 0.717847 0.007152 0.009844
3 0.077650 0.736424 0.005109 0.006986
4 0.065517 0.729755 0.005364 0.006351
3 0.090549 0.700857 0.005364 0.005716
3 0.111111 0.707367 0.006130 0.006034
3 0.065517 0.698317 0.005364 0.005716
4 0.085313 0.788028 0.006130 0.019371
3 0.029374 0.694665 0.005619 0.007939
3 0.055811 0.764687 0.005875 0.010162
3 0.047765 0.736742 0.007663 0.007621
0 0.044061 0.704351 0.004342 0.005081
3 0.088250 0.739282 0.005875 0.008257
3 0.050447 0.677517 0.005364 0.006669
3 0.058876 0.682439 0.004853 0.006351
3 0.087739 0.706891 0.004342 0.006351
4 0.088633 0.840902 0.012261 0.014608
3 0.079183 0.696412 0.006130 0.005716
3 0.062708 0.787710 0.004853 0.006034
3 0.032439 0.729914 0.005109 0.006034
3 0.029502 0.706574 0.004853 0.006351
3 0.082886 0.738171 0.004342 0.007304
3 0.064623 0.688155 0.005619 0.006986
3 0.054662 0.692760 0.004598 0.006034
3 0.015070 0.741664 0.005109 0.006669
4 0.043806 0.807082 0.007407 0.014290
3 0.032056 0.934106 0.007407 0.005399
3 0.005619 0.813592 0.005109 0.008257
3 0.038953 0.742299 0.004853 0.007304
3 0.064623 0.746427 0.005619 0.006669
3 0.058110 0.724198 0.005364 0.006034
3 0.091443 0.709590 0.004598 0.005399
4 0.056833 0.887742 0.013538 0.009209
4 0.015709 0.824389 0.010983 0.005716
3 0.049808 0.762623 0.006130 0.008574
3 0.054662 0.752620 0.003576 0.005716
3 0.058621 0.754366 0.004342 0.006034
3 0.079693 0.675611 0.005109 0.006669
3 0.021584 0.801048 0.005364 0.008574
3 0.050192 0.810892 0.003831 0.006669
3 0.053257 0.763893 0.004853 0.006669
3 0.013921 0.731661 0.004853 0.006351
3 0.067688 0.719594 0.006641 0.008892
3 0.082120 0.714830 0.005364 0.006986
3 0.064368 0.677993 0.004598 0.006986
3 0.041635 0.662750 0.004598 0.006986
3 0.012005 0.933312 0.006130 0.007621
3 0.062580 0.755478 0.004087 0.005716
3 0.059642 0.744681 0.005875 0.009527
3 0.026692 0.705462 0.004342 0.006034
3 0.110600 0.713877 0.005109 0.006986
3 0.035888 0.670213 0.006897 0.007304
3 0.051980 0.678628 0.003831 0.005716
3 0.066667 0.690854 0.005619 0.006669
3 0.073946 0.711337 0.005364 0.007621
3 0.089017 0.699270 0.004853 0.006351
3 0.073563 0.896793 0.006641 0.003811
3 0.036782 0.733090 0.006130 0.006669
3 0.110217 0.702763 0.006897 0.006986
3 0.063346 0.697205 0.004598 0.007939
3 0.099489 0.712448 0.004853 0.006669
4 0.054406 0.804224 0.005109 0.007939
3 0.033716 0.876945 0.010728 0.016831
3 0.031545 0.820896 0.010983 0.007621
3 0.041124 0.782629 0.005109 0.007304
3 0.037420 0.713560 0.004853 0.008257
3 0.039719 0.702445 0.004853 0.005716
3 0.061303 0.684185 0.005109 0.006669
4 0.027586 0.873611 0.008685 0.014608
4 0.054023 0.822801 0.012005 0.006351
3 0.069476 0.852334 0.004598 0.006986
3 0.059387 0.785805 0.003831 0.006034
3 0.066794 0.766116 0.003831 0.006669
3 0.107535 0.740711 0.006130 0.009209
3 0.085951 0.690378 0.006386 0.006351
3 0.025670 0.747380 0.006897 0.009844
3 0.080204 0.754525 0.005109 0.006351
3 0.096935 0.691013 0.005364 0.005716
3 0.095147 0.703239 0.003831 0.005399
3 0.044828 0.675929 0.005364 0.006669
4 0.071392 0.849952 0.010983 0.014290
3 0.048531 0.892347 0.006130 0.006351
3 0.031034 0.740870 0.004853 0.006986
4 0.077395 0.760083 0.005619 0.006034
3 0.074074 0.673388 0.005109 0.006034
3 0.100894 0.763893 0.007663 0.009844
3 0.036143 0.699111 0.005875 0.007304
3 0.096935 0.711813 0.004342 0.006669
4 0.045338 0.949825 0.012516 0.015243
4 0.062452 0.838203 0.011494 0.009209
3 0.041252 0.921721 0.007407 0.005399
3 0.013538 0.874722 0.004598 0.004128
3 0.053384 0.787710 0.003576 0.006034
3 0.070498 0.748809 0.004598 0.006986
3 0.073052 0.748809 0.005109 0.007621
3 0.079055 0.724357 0.004853 0.006986
3 0.044061 0.693236 0.004853 0.005716
3 0.073436 0.698476 0.006386 0.006669
3 0.085696 0.716100 0.005875 0.007621
4 0.038953 0.806764 0.004853 0.006669
3 0.022222 0.745951 0.006130 0.006986
3 0.013921 0.800254 0.005364 0.009527
3 0.015837 0.827564 0.006130 0.005081
3 0.082120 0.806129 0.004342 0.006034
3 0.041124 0.824547 0.008174 0.004763
3 0.089272 0.729755 0.004853 0.006351
3 0.030524 0.680057 0.005364 0.006669
3 0.091826 0.687361 0.005875 0.004763
3 0.078416 0.701651 0.004598 0.005399
3 0.083397 0.697047 0.005364 0.007621
3 0.008174 0.735313 0.005109 0.006034
3 0.005747 0.824389 0.005875 0.005081
3 0.078927 0.752779 0.004598 0.005399
3 0.023116 0.700381 0.004853 0.006669
3 0.056066 0.722134 0.004853 0.006351
3 0.072031 0.731502 0.007152 0.009844
3 0.107407 0.731502 0.005875 0.006034
3 0.108685 0.698158 0.005875 0.006034
4 0.069221 0.767386 0.004598 0.007304
4 0.024521 0.815656 0.006130 0.009209
3 0.059387 0.841696 0.006386 0.006034
3 0.064879 0.788981 0.003576 0.006034
3 0.021456 0.736583 0.004598 0.006034
3 0.031673 0.707844 0.005109 0.006351
3 0.068966 0.701810 0.004598 0.005716
3 0.051596 0.668625 0.005109 0.006034
4 0.079183 0.789616 0.008685 0.022547
4 0.044189 0.932201 0.019413 0.011115
4 0.070754 0.893776 0.014815 0.009844
3 0.037420 0.890124 0.004342 0.004446
3 0.060026 0.764846 0.004087 0.006669
3 0.052490 0.752461 0.004342 0.006669
3 0.066922 0.747221 0.004598 0.005716
3 0.083269 0.756113 0.005619 0.007621
3 0.086462 0.729438 0.005364 0.006986
3 0.075990 0.685297 0.005875 0.005716
3 0.060281 0.675135 0.005109 0.005081
3 0.048148 0.699587 0.004853 0.007621
3 0.014304 0.829311 0.005109 0.005399
3 0.037803 0.754366 0.007152 0.010480
3 0.033461 0.741188 0.005109 0.007621
4 0.051341 0.787075 0.004087 0.006669
3 0.068327 0.730867 0.005875 0.006669
3 0.091954 0.738171 0.005109 0.009209
3 0.093231 0.723563 0.005619 0.006669
3 0.075351 0.701493 0.005619 0.005716
3 0.018519 0.744046 0.005875 0.006986
4 0.012899 0.943315 0.008429 0.013020
3 0.026564 0.882661 0.004087 0.006034
3 0.038059 0.832645 0.003065 0.005081
4 0.091060 0.836615 0.012516 0.012385
3 0.043423 0.758177 0.006641 0.009209
3 0.102810 0.731026 0.005364 0.006351
3 0.079438 0.704351 0.004598 0.005081
