0 0.884758 0.090782 0.008674 0.002173
4 0.862454 0.099472 0.011772 0.003414
0 0.863693 0.092334 0.005576 0.013346
4 0.907063 0.000621 0.011772 0.001241
4 0.905669 0.001552 0.008984 0.003104
4 0.899628 0.005742 0.008055 0.005897
4 0.898234 0.006983 0.007125 0.002793
4 0.895136 0.012880 0.010223 0.002793
4 0.894052 0.015363 0.011772 0.004035
4 0.916047 0.007914 0.004957 0.009001
4 0.910936 0.015829 0.004647 0.009311
4 0.906908 0.021415 0.004027 0.012415
4 0.903810 0.035692 0.004647 0.009932
4 0.889250 0.022191 0.008984 0.002793
4 0.888011 0.024209 0.009603 0.003724
4 0.888321 0.026226 0.012701 0.002793
4 0.887082 0.028709 0.011462 0.002793
4 0.888321 0.030416 0.011462 0.005587
4 0.888786 0.032588 0.012392 0.006207
4 0.887546 0.035382 0.011772 0.003104
4 0.888166 0.037709 0.012392 0.004655
4 0.887701 0.040348 0.012082 0.003724
4 0.887546 0.042210 0.011152 0.003724
4 0.887082 0.044072 0.010843 0.003104
4 0.887082 0.046245 0.010843 0.003724
4 0.887546 0.048262 0.012392 0.004655
4 0.887392 0.050435 0.010223 0.002793
4 0.886617 0.052607 0.011772 0.004035
4 0.902881 0.049038 0.007125 0.011794
4 0.902726 0.055711 0.006815 0.012104
4 0.885533 0.055245 0.010223 0.002483
4 0.885843 0.056952 0.010843 0.003414
4 0.886927 0.058504 0.011152 0.004035
4 0.886927 0.060987 0.011772 0.002793
4 0.886307 0.063315 0.013011 0.003104
4 0.885688 0.065022 0.009913 0.002173
4 0.902107 0.064556 0.005576 0.011173
4 0.902571 0.070764 0.006506 0.013035
4 0.892968 0.066729 0.004027 0.009311
4 0.886617 0.067349 0.009913 0.003724
4 0.885998 0.069832 0.011772 0.004966
4 0.885843 0.072315 0.008984 0.004345
4 0.886462 0.074643 0.010223 0.004035
4 0.887082 0.076195 0.012701 0.004655
4 0.886307 0.078678 0.011152 0.003414
4 0.887392 0.080695 0.011462 0.003724
4 0.885223 0.086592 0.012701 0.003104
4 0.885223 0.088920 0.012082 0.002793
4 0.884758 0.093110 0.013631 0.005587
4 0.892348 0.099162 0.007745 0.007138
4 0.901797 0.080230 0.003717 0.009001
4 0.905204 0.085816 0.004957 0.010863
3 0.903656 0.087368 0.005576 0.008380
4 0.910936 0.081006 0.012701 0.004345
4 0.966543 0.001397 0.003098 0.002793
4 0.970570 0.000931 0.006196 0.001862
4 0.973823 0.000931 0.005266 0.001862
