4 0.110905 0.003569 0.004957 0.007138
4 0.040118 0.034295 0.009603 0.009001
4 0.077292 0.002948 0.002788 0.005897
4 0.006351 0.002017 0.007745 0.004035
4 0.008519 0.002948 0.010223 0.005897
4 0.009603 0.004035 0.010533 0.008070
4 0.012237 0.005121 0.011462 0.010242
4 0.017503 0.005121 0.007745 0.010242
4 0.043680 0.012725 0.006815 0.011173
4 0.045849 0.013811 0.006815 0.012104
4 0.049257 0.016449 0.010533 0.011794
4 0.052045 0.018467 0.006815 0.011484
4 0.054058 0.018312 0.007745 0.011173
4 0.057311 0.019088 0.009913 0.010242
4 0.060099 0.020329 0.011152 0.009001
4 0.063662 0.024674 0.010843 0.003414
4 0.054213 0.026226 0.009913 0.001552
4 0.059170 0.027467 0.008674 0.002793
4 0.055143 0.028864 0.012392 0.003724
4 0.055917 0.030571 0.009603 0.002793
4 0.054833 0.032433 0.007435 0.002793
4 0.052354 0.033830 0.011152 0.003104
4 0.053748 0.054469 0.004027 0.012725
4 0.096964 0.002017 0.004957 0.004035
4 0.099597 0.001862 0.003408 0.003724
4 0.106258 0.003414 0.006196 0.006828
4 0.108891 0.002793 0.004027 0.005587
4 0.112454 0.004345 0.004337 0.008690
4 0.114002 0.006052 0.003717 0.012104
4 0.117100 0.005587 0.003098 0.011173
4 0.119269 0.005121 0.002478 0.010242
4 0.123141 0.003414 0.004647 0.006828
4 0.127788 0.002328 0.002788 0.004655
4 0.132745 0.004035 0.002169 0.008070
4 0.134603 0.005897 0.003408 0.011794
4 0.143278 0.006052 0.003408 0.012104
4 0.147615 0.009621 0.005266 0.014277
4 0.150093 0.010087 0.004647 0.012725
4 0.151952 0.012570 0.004647 0.013966
