4 0.911090 0.995345 0.011772 0.003724
4 0.909696 0.996741 0.008984 0.004655
4 0.970570 0.993017 0.003098 0.011484
4 0.974597 0.988516 0.006196 0.018622
4 0.977850 0.991620 0.005266 0.012415
4 0.998761 0.964153 0.002478 0.011484
4 0.855173 0.880975 0.005886 0.007138
4 0.858116 0.880043 0.006815 0.010863
4 0.860440 0.880354 0.006506 0.010242
4 0.864157 0.885630 0.004647 0.011484
4 0.865861 0.887492 0.003098 0.009001
4 0.869424 0.896958 0.004027 0.011794
4 0.871437 0.898510 0.001859 0.009932
4 0.873606 0.900217 0.004337 0.011484
4 0.876704 0.902079 0.006196 0.009621
4 0.881815 0.909218 0.007745 0.009621
4 0.884913 0.911390 0.007125 0.010242
4 0.886617 0.912632 0.006815 0.011484
4 0.888941 0.914184 0.007745 0.012725
4 0.890489 0.916046 0.007745 0.011484
4 0.893897 0.917753 0.008364 0.008690
4 0.894981 0.920236 0.008055 0.009932
4 0.896995 0.920857 0.006506 0.008070
4 0.900403 0.924581 0.008364 0.010552
4 0.902726 0.925512 0.007435 0.010552
4 0.905050 0.928616 0.005266 0.010552
4 0.906134 0.932030 0.006196 0.011794
4 0.908612 0.934978 0.006815 0.012104
4 0.912175 0.937772 0.007745 0.012104
4 0.913724 0.939479 0.006506 0.012415
4 0.916047 0.940720 0.004337 0.009311
4 0.893587 0.946772 0.009603 0.006518
4 0.920229 0.944910 0.004647 0.010242
4 0.924721 0.944600 0.004957 0.007759
4 0.925805 0.946927 0.007745 0.012415
4 0.927664 0.949255 0.005266 0.010863
4 0.931227 0.946927 0.004337 0.008070
4 0.932776 0.949876 0.007435 0.012104
4 0.935719 0.952669 0.006506 0.011484
4 0.937423 0.954687 0.006815 0.013035
4 0.939436 0.954842 0.004647 0.012725
4 0.942069 0.954842 0.004337 0.012725
4 0.944393 0.955618 0.004027 0.012415
4 0.947336 0.956238 0.003098 0.011794
4 0.952138 0.958721 0.003408 0.010552
4 0.954616 0.960428 0.002788 0.011484
4 0.956939 0.961204 0.003717 0.011794
4 0.960037 0.961825 0.006196 0.011173
4 0.962206 0.961515 0.008055 0.011173
4 0.965613 0.962135 0.007435 0.011794
4 0.968092 0.962135 0.006815 0.011794
4 0.971344 0.961980 0.003408 0.011484
4 0.977695 0.964153 0.009913 0.009621
4 0.924566 0.967877 0.011462 0.002173
4 0.927200 0.970360 0.016729 0.004655
4 0.922862 0.971601 0.009913 0.002793
4 0.922243 0.973774 0.010533 0.004655
4 0.931072 0.973464 0.012082 0.002793
4 0.923792 0.975947 0.011772 0.002793
4 0.923482 0.978119 0.011772 0.002173
4 0.924566 0.979981 0.009603 0.002793
4 0.932466 0.975016 0.009294 0.002793
4 0.918371 0.982930 0.009603 0.005587
4 0.916357 0.985878 0.008055 0.003414
4 0.913724 0.987896 0.005886 0.007449
4 0.911865 0.991620 0.012082 0.003724
4 0.911400 0.993793 0.009294 0.002483
4 0.966543 0.983395 0.003098 0.009621
4 0.972119 0.984947 0.003098 0.011484
4 0.996747 0.964463 0.003408 0.010863
4 0.882435 0.927529 0.007125 0.004655
