4 0.114932 0.996431 0.004957 0.007138
4 0.081320 0.995655 0.002788 0.008690
4 0.010378 0.995655 0.007745 0.008690
4 0.012546 0.996896 0.010223 0.006207
4 0.013631 0.997672 0.010533 0.004655
4 0.016264 0.997207 0.011462 0.005587
4 0.021530 0.996431 0.007745 0.007138
4 0.100991 0.994724 0.004957 0.010552
4 0.103625 0.994103 0.003408 0.011173
4 0.110285 0.996431 0.006196 0.007138
4 0.112918 0.996431 0.004027 0.007138
4 0.116481 0.997052 0.004337 0.005897
4 0.118030 0.997672 0.003717 0.004655
4 0.121128 0.997517 0.003098 0.004966
4 0.123296 0.996741 0.002478 0.006518
4 0.127169 0.994413 0.004647 0.011173
4 0.131815 0.995655 0.002788 0.008690
4 0.136772 0.997207 0.002169 0.005587
4 0.138631 0.996586 0.003408 0.006828
4 0.147305 0.997983 0.003408 0.004035
4 0.151642 0.999224 0.005266 0.001552
4 0.461121 0.877561 0.004647 0.012725
4 0.099442 0.990379 0.006196 0.008690
4 0.003253 0.968187 0.003408 0.011484
4 0.005112 0.968343 0.002788 0.011794
4 0.007280 0.967412 0.002788 0.009932
4 0.009603 0.968963 0.002478 0.012415
4 0.011617 0.971291 0.003408 0.010863
4 0.013631 0.971291 0.004337 0.010242
4 0.015489 0.973309 0.004337 0.011794
4 0.023854 0.976257 0.003717 0.011484
4 0.026177 0.975947 0.004027 0.010863
4 0.028036 0.978119 0.005266 0.013346
4 0.030514 0.977964 0.004647 0.013035
4 0.032838 0.979050 0.003717 0.012104
4 0.034851 0.981068 0.004027 0.011173
4 0.037485 0.981378 0.002478 0.011173
4 0.039343 0.982775 0.004337 0.013346
4 0.041667 0.983861 0.004647 0.013656
4 0.043525 0.983395 0.004027 0.012104
4 0.046159 0.984637 0.004337 0.012104
4 0.048017 0.985878 0.003717 0.012104
4 0.050496 0.986499 0.003717 0.012725
4 0.052819 0.986654 0.002788 0.012415
4 0.055297 0.987585 0.004027 0.013035
4 0.057931 0.987741 0.003717 0.013966
4 0.060254 0.987275 0.004027 0.013656
4 0.062887 0.985723 0.003098 0.013035
4 0.064901 0.985568 0.002788 0.012104
4 0.067379 0.983861 0.003408 0.010552
4 0.072955 0.976102 0.007125 0.011794
4 0.072646 0.979826 0.007745 0.009932
4 0.072800 0.983085 0.006815 0.009001
4 0.072955 0.986344 0.006506 0.008690
4 0.072646 0.989913 0.007745 0.010242
4 0.073420 0.992396 0.004337 0.009621
4 0.079151 0.983395 0.003408 0.010863
4 0.078222 0.990844 0.003408 0.012104
4 0.085192 0.989603 0.003717 0.012104
4 0.084108 0.978895 0.003408 0.009311
4 0.086741 0.978430 0.002478 0.010242
4 0.091233 0.980292 0.004647 0.009621
4 0.086741 0.987741 0.003717 0.012104
4 0.091698 0.985102 0.004957 0.011173
4 0.109975 0.990689 0.003717 0.008690
4 0.107652 0.993017 0.002788 0.010242
4 0.112918 0.990844 0.007125 0.010242
4 0.125465 0.990999 0.003098 0.010552
4 0.313197 0.979516 0.005576 0.013656
4 0.399783 0.937461 0.002788 0.007759
4 0.406134 0.934202 0.005576 0.008070
4 0.408302 0.934358 0.003717 0.007138
3 0.415273 0.934358 0.007745 0.015208
4 0.412330 0.933582 0.004337 0.006207
4 0.414343 0.939013 0.002788 0.006518
4 0.419765 0.928305 0.004337 0.009932
4 0.422708 0.927685 0.004027 0.012415
4 0.438352 0.910304 0.008674 0.009311
4 0.439901 0.913097 0.009913 0.006828
4 0.440211 0.915736 0.009294 0.009001
4 0.459108 0.925822 0.008055 0.010552
4 0.456784 0.917753 0.010223 0.009311
4 0.460657 0.923805 0.010533 0.009001
4 0.463445 0.921943 0.009294 0.009621
4 0.464529 0.919770 0.007745 0.009001
4 0.468866 0.921943 0.007125 0.010242
4 0.470105 0.920081 0.007125 0.010242
4 0.217007 0.726102 0.005886 0.012104
4 0.222274 0.739603 0.005886 0.011173
4 0.211121 0.736499 0.006506 0.010552
4 0.226301 0.735258 0.002169 0.008070
4 0.221344 0.724705 0.003408 0.006828
4 0.205855 0.723153 0.003408 0.008690
4 0.232497 0.765829 0.007125 0.010242
4 0.232962 0.772036 0.007435 0.012104
4 0.237454 0.766605 0.007125 0.011173
4 0.237918 0.774829 0.009294 0.012725
4 0.243959 0.776226 0.005886 0.012415
4 0.243185 0.783364 0.006196 0.009932
4 0.251549 0.790503 0.006196 0.009311
4 0.252323 0.786313 0.006506 0.011484
4 0.247057 0.778864 0.007125 0.013346
4 0.250310 0.798883 0.007435 0.009932
4 0.257280 0.803383 0.008364 0.009001
4 0.263166 0.800590 0.009603 0.011484
4 0.260533 0.809745 0.007435 0.002483
4 0.264715 0.812539 0.010223 0.003104
4 0.272924 0.806331 0.010533 0.008070
4 0.274783 0.810366 0.009913 0.006828
4 0.276642 0.814091 0.012392 0.008070
4 0.280979 0.813780 0.008055 0.011173
4 0.284696 0.815022 0.008055 0.011173
4 0.290737 0.817505 0.010223 0.008070
4 0.291667 0.822160 0.008364 0.007449
4 0.297708 0.824798 0.010533 0.007759
4 0.298172 0.833178 0.010843 0.006518
4 0.322955 0.832402 0.010223 0.009311
4 0.324659 0.839385 0.013011 0.004035
4 0.316605 0.840472 0.012392 0.003724
4 0.334108 0.840161 0.009603 0.004345
4 0.343401 0.837523 0.012082 0.005276
4 0.335812 0.842179 0.011152 0.003414
4 0.351301 0.840627 0.010533 0.004035
4 0.357342 0.840161 0.008984 0.004345
4 0.362454 0.841092 0.011152 0.003724
4 0.367255 0.838454 0.010843 0.002793
4 0.377788 0.838765 0.010843 0.003414
4 0.369114 0.840782 0.005886 0.003724
4 0.375774 0.841403 0.010533 0.003104
4 0.382435 0.842334 0.011462 0.003104
4 0.388476 0.844972 0.010533 0.003414
4 0.398079 0.843265 0.009913 0.003104
4 0.396685 0.845282 0.012701 0.004035
4 0.401177 0.846214 0.010533 0.002793
4 0.404895 0.847610 0.009913 0.003104
4 0.410471 0.848852 0.011772 0.003724
4 0.416512 0.849938 0.012082 0.002793
4 0.417596 0.851955 0.009913 0.002483
4 0.424102 0.853042 0.010533 0.002793
4 0.434789 0.854128 0.011462 0.004345
4 0.429523 0.855214 0.012082 0.003414
4 0.437113 0.857852 0.009913 0.003724
4 0.443773 0.857542 0.011462 0.004966
4 0.445322 0.860490 0.011462 0.002793
4 0.456320 0.861111 0.010533 0.005897
4 0.455235 0.863128 0.012082 0.003724
4 0.465304 0.868405 0.008674 0.007449
4 0.461276 0.868094 0.009913 0.008070
4 0.460192 0.869646 0.009603 0.008690
4 0.466233 0.877250 0.008055 0.008380
4 0.473823 0.878336 0.010843 0.008690
4 0.464994 0.888268 0.011772 0.003724
4 0.468711 0.889820 0.011152 0.006828
4 0.470105 0.891372 0.010223 0.009311
4 0.479864 0.888268 0.010533 0.002483
4 0.474287 0.895096 0.008674 0.006828
4 0.472584 0.903166 0.007745 0.009311
4 0.097584 0.989137 0.004957 0.009932
4 0.101611 0.974550 0.009913 0.006828
4 0.096190 0.984482 0.007125 0.010552
