3 0.478110 0.011230 0.005669 0.010278
3 0.474488 0.008375 0.006614 0.011420
3 0.470709 0.006281 0.005984 0.008755
3 0.465669 0.006091 0.005354 0.010659
3 0.462047 0.004568 0.005669 0.009136
3 0.365984 0.214694 0.004409 0.008375
3 0.384882 0.169966 0.004409 0.008755
3 0.369764 0.215074 0.005039 0.008375
3 0.378898 0.220213 0.005669 0.010278
3 0.373071 0.216978 0.005354 0.011420
3 0.407087 0.168443 0.004094 0.008755
3 0.414331 0.121241 0.006614 0.011039
3 0.458583 0.132090 0.005039 0.006852
3 0.460945 0.133803 0.004724 0.007233
3 0.433071 0.119147 0.005039 0.007613
3 0.439528 0.102969 0.004724 0.007233
3 0.458740 0.078607 0.004724 0.008755
3 0.465512 0.081652 0.005039 0.007994
3 0.463307 0.067948 0.004409 0.008755
3 0.451496 0.108489 0.004094 0.007613
3 0.455118 0.130377 0.005039 0.007233
3 0.488661 0.048534 0.004724 0.007233
3 0.449921 0.043776 0.004724 0.006852
3 0.454488 0.013894 0.005039 0.009517
3 0.445197 0.030834 0.005354 0.007613
3 0.447402 0.169395 0.005984 0.008375
3 0.414488 0.196993 0.005039 0.009517
3 0.423622 0.200609 0.005039 0.009136
3 0.414016 0.110582 0.005354 0.009517
3 0.391969 0.199657 0.006614 0.011039
3 0.401260 0.190902 0.005039 0.007994
3 0.462362 0.015988 0.005039 0.006852
3 0.457953 0.014846 0.005039 0.007613
3 0.449134 0.013704 0.005039 0.006091
3 0.507717 0.022269 0.005669 0.007994
3 0.504409 0.021317 0.004724 0.009897
3 0.500630 0.018843 0.005984 0.009517
3 0.494961 0.017320 0.005354 0.010278
3 0.486929 0.014085 0.006299 0.011420
3 0.456063 0.161591 0.005039 0.007233
3 0.376693 0.196422 0.008819 0.010659
3 0.407087 0.194328 0.004724 0.007994
3 0.417008 0.199086 0.003780 0.009897
3 0.420472 0.200038 0.003780 0.008755
3 0.371024 0.195660 0.006929 0.015988
3 0.442520 0.133993 0.005669 0.008375
3 0.459370 0.048534 0.004094 0.010278
3 0.478740 0.023030 0.005669 0.010278
3 0.437008 0.204416 0.007244 0.010659
3 0.428661 0.201180 0.005669 0.011039
3 0.395118 0.201751 0.004724 0.008375
3 0.400472 0.204225 0.006614 0.014085
3 0.406457 0.206129 0.007244 0.013323
3 0.434016 0.215836 0.006299 0.006852
3 0.385512 0.196993 0.005039 0.009517
3 0.390866 0.188238 0.004409 0.007994
3 0.385197 0.185763 0.005669 0.009897
3 0.385354 0.221355 0.005354 0.009517
3 0.395118 0.162733 0.005354 0.009517
3 0.449449 0.096688 0.006299 0.010659
3 0.474961 0.106205 0.006299 0.009136
3 0.466457 0.102969 0.005669 0.011801
3 0.488976 0.080320 0.005984 0.013704
3 0.451181 0.172821 0.007874 0.012181
3 0.471811 0.118767 0.006299 0.010659
3 0.396535 0.228207 0.005039 0.009517
3 0.396063 0.146365 0.004724 0.007994
3 0.399213 0.147126 0.004724 0.008755
3 0.404094 0.166920 0.004409 0.010278
3 0.375591 0.182337 0.004094 0.009136
3 0.379528 0.183860 0.004409 0.008375
3 0.395118 0.189189 0.004724 0.008375
3 0.404252 0.150933 0.004724 0.009517
3 0.414331 0.154549 0.005354 0.008375
3 0.403937 0.193757 0.004094 0.008375
3 0.388346 0.171108 0.003780 0.008755
3 0.398898 0.164446 0.004724 0.010659
3 0.432913 0.182908 0.005984 0.011039
3 0.385984 0.159117 0.005354 0.008375
3 0.413543 0.169775 0.005039 0.008375
3 0.391496 0.171679 0.004409 0.009136
3 0.394646 0.172630 0.005669 0.008755
3 0.407717 0.151884 0.004094 0.010659
3 0.412126 0.143510 0.004094 0.009136
3 0.403937 0.176437 0.004724 0.007233
3 0.397953 0.174343 0.004094 0.008375
3 0.400630 0.175676 0.003150 0.010278
3 0.406929 0.177198 0.004409 0.008755
3 0.406299 0.139513 0.004409 0.008755
3 0.402992 0.138180 0.004724 0.009136
3 0.410866 0.153407 0.004724 0.009136
3 0.416535 0.143890 0.004724 0.012181
3 0.399685 0.136848 0.004409 0.008755
3 0.419685 0.144652 0.004094 0.008375
3 0.419685 0.156452 0.004724 0.006852
3 0.423150 0.146936 0.005984 0.009897
3 0.396535 0.135325 0.003780 0.008755
3 0.426142 0.148649 0.005039 0.009517
3 0.429921 0.149600 0.003780 0.009897
3 0.389449 0.160259 0.004094 0.007613
3 0.417165 0.171108 0.004094 0.007994
3 0.422835 0.157594 0.004094 0.007613
3 0.432913 0.151884 0.004094 0.008375
3 0.436850 0.152836 0.004409 0.008755
3 0.437638 0.164446 0.004094 0.008375
3 0.428661 0.160259 0.003780 0.008375
3 0.425984 0.159498 0.004724 0.007613
3 0.440630 0.154359 0.004409 0.008755
3 0.440787 0.165588 0.004094 0.008375
3 0.422362 0.173772 0.004409 0.008755
3 0.443780 0.155501 0.004409 0.008755
3 0.431654 0.161591 0.003465 0.007233
3 0.450551 0.158546 0.005984 0.009517
3 0.419370 0.182147 0.004724 0.009517
3 0.409764 0.178150 0.004409 0.008375
3 0.412756 0.179482 0.004094 0.007994
3 0.426299 0.174914 0.003465 0.008755
3 0.410709 0.196231 0.003780 0.008755
3 0.415433 0.181576 0.003780 0.007613
3 0.428976 0.176627 0.003780 0.007613
3 0.443780 0.166920 0.004409 0.009517
3 0.422362 0.184621 0.003780 0.009897
3 0.425669 0.185573 0.004724 0.008755
3 0.428819 0.186905 0.004724 0.008375
3 0.434331 0.162923 0.005039 0.008375
3 0.452598 0.160449 0.003780 0.008755
3 0.410709 0.119909 0.005039 0.011420
3 0.428976 0.099353 0.005669 0.011420
3 0.454488 0.096879 0.005669 0.010278
3 0.424567 0.097069 0.005669 0.009136
3 0.445354 0.105253 0.005039 0.008755
3 0.432598 0.100495 0.004724 0.009136
3 0.438898 0.122383 0.004094 0.008755
3 0.454331 0.109440 0.005354 0.007994
3 0.460945 0.144461 0.004724 0.008755
3 0.445039 0.136848 0.005669 0.008755
3 0.448031 0.138751 0.005354 0.008755
3 0.451339 0.140655 0.005039 0.009517
3 0.417795 0.122954 0.005354 0.008375
3 0.420787 0.124286 0.005669 0.009517
3 0.424409 0.127332 0.005354 0.008755
3 0.428031 0.128283 0.005669 0.009136
3 0.457953 0.098972 0.005669 0.011420
3 0.436378 0.102208 0.004724 0.007994
3 0.462520 0.100305 0.005984 0.011801
3 0.442205 0.105443 0.004409 0.009136
3 0.457323 0.110392 0.005669 0.009136
3 0.461102 0.112105 0.005669 0.009517
3 0.463465 0.114008 0.004724 0.009517
3 0.466457 0.116483 0.005669 0.010659
3 0.479213 0.087362 0.005354 0.009517
3 0.441890 0.124286 0.005669 0.009517
3 0.448819 0.127332 0.006299 0.007233
3 0.437953 0.133232 0.005354 0.009136
3 0.416850 0.111724 0.005984 0.007233
3 0.452756 0.129045 0.004724 0.009136
3 0.457480 0.142939 0.004724 0.008755
3 0.435118 0.131329 0.004724 0.008375
3 0.443622 0.040731 0.005354 0.007613
3 0.498268 0.063951 0.004409 0.007613
3 0.444882 0.060716 0.006614 0.008755
3 0.501260 0.053483 0.005984 0.009517
3 0.482205 0.075942 0.005669 0.008755
3 0.475591 0.085649 0.006299 0.009136
3 0.423150 0.114770 0.005984 0.009517
3 0.478110 0.075371 0.005039 0.009136
3 0.471969 0.083555 0.005354 0.010278
3 0.495433 0.051580 0.005039 0.008755
3 0.491969 0.050057 0.004409 0.007233
3 0.446614 0.043015 0.004409 0.007613
3 0.465039 0.135135 0.005354 0.009136
3 0.426772 0.115721 0.005039 0.007613
3 0.429921 0.118005 0.004409 0.007613
3 0.431654 0.130187 0.005984 0.007613
3 0.411339 0.207080 0.006299 0.009897
3 0.455748 0.076323 0.004409 0.007233
3 0.462205 0.080320 0.005354 0.008375
3 0.469134 0.083175 0.005354 0.009517
3 0.444724 0.072516 0.005669 0.008755
3 0.448661 0.073278 0.005354 0.008755
3 0.451811 0.075181 0.005354 0.007233
3 0.441732 0.071184 0.004094 0.007613
3 0.475276 0.073087 0.004409 0.007613
3 0.472283 0.072136 0.004724 0.007233
3 0.469291 0.070803 0.004409 0.006852
3 0.466142 0.069852 0.005039 0.008755
3 0.448031 0.061287 0.004094 0.006852
3 0.450709 0.062619 0.003780 0.007233
3 0.454016 0.063951 0.004724 0.009136
3 0.457323 0.065664 0.004409 0.007233
3 0.460472 0.066616 0.004409 0.006852
3 0.481575 0.056909 0.003780 0.007994
3 0.484409 0.057670 0.005039 0.007233
3 0.488189 0.059574 0.005669 0.008755
3 0.491339 0.061096 0.003780 0.007233
3 0.484882 0.047202 0.004724 0.006852
3 0.478110 0.056148 0.005039 0.007233
3 0.474646 0.054625 0.004409 0.007994
3 0.471024 0.053102 0.005354 0.007233
3 0.472913 0.042825 0.004724 0.007233
3 0.485827 0.026646 0.005354 0.008375
3 0.489764 0.027598 0.005669 0.007994
3 0.460472 0.037686 0.003780 0.006091
3 0.455906 0.047202 0.004094 0.007613
3 0.462677 0.049867 0.003780 0.007613
3 0.465512 0.051009 0.004409 0.008375
3 0.468819 0.051580 0.004724 0.007233
3 0.453071 0.045108 0.004724 0.005710
3 0.481890 0.046631 0.004409 0.005710
3 0.475906 0.044157 0.003780 0.006091
3 0.469449 0.041492 0.005354 0.006852
3 0.462677 0.038828 0.003780 0.006091
3 0.457008 0.036163 0.005039 0.006852
3 0.454646 0.034640 0.004724 0.006852
3 0.448189 0.032547 0.004409 0.006471
3 0.451024 0.033498 0.003780 0.006091
3 0.501732 0.033498 0.005669 0.007613
3 0.494803 0.029501 0.005039 0.007994
3 0.498110 0.031405 0.005354 0.008755
3 0.512441 0.023982 0.006299 0.008375
3 0.481732 0.024553 0.004724 0.007994
3 0.470079 0.019604 0.005984 0.009517
3 0.474646 0.021317 0.005039 0.009136
3 0.465669 0.017891 0.005354 0.009136
