3 0.452756 0.967263 0.005984 0.006091
3 0.482835 0.963456 0.005669 0.009136
3 0.510709 0.970689 0.008504 0.012943
3 0.477008 0.938904 0.004094 0.005710
3 0.489606 0.943472 0.004094 0.006471
3 0.464252 0.996003 0.005669 0.007994
3 0.460630 0.994290 0.006614 0.011420
3 0.456850 0.992196 0.005984 0.008755
3 0.451811 0.992006 0.005354 0.010659
3 0.448189 0.990483 0.005669 0.009136
3 0.440315 0.987057 0.005669 0.007613
3 0.509449 0.987628 0.004724 0.008755
3 0.506142 0.985535 0.005669 0.008375
3 0.498268 0.982870 0.005039 0.009897
3 0.493858 0.981157 0.005669 0.009517
3 0.490394 0.979635 0.005669 0.008755
3 0.485354 0.978493 0.005039 0.008755
3 0.481890 0.975828 0.006299 0.009517
3 0.477795 0.974496 0.005039 0.007613
3 0.474331 0.972402 0.005669 0.007994
3 0.470079 0.970879 0.004724 0.007994
3 0.466299 0.969357 0.005354 0.008755
3 0.461890 0.967834 0.004724 0.009517
3 0.457638 0.966882 0.005039 0.008375
3 0.495276 0.967834 0.006614 0.010278
3 0.490866 0.966121 0.005354 0.009897
3 0.486614 0.965360 0.005039 0.009136
3 0.479055 0.962505 0.005669 0.008755
3 0.475118 0.960601 0.004094 0.008755
3 0.471969 0.958888 0.004724 0.009897
3 0.502835 0.970879 0.007874 0.011039
3 0.493701 0.944614 0.004094 0.006471
3 0.496850 0.946327 0.004724 0.006852
3 0.500630 0.946707 0.003465 0.006091
3 0.513701 0.948611 0.003150 0.008375
