0 0.746445 0.879563 0.020362 0.030024
0 0.740465 0.889116 0.038138 0.050495
3 0.590498 0.903446 0.003878 0.004094
3 0.781513 0.833675 0.005171 0.005118
3 0.792340 0.848686 0.029412 0.030365
3 0.761474 0.859434 0.018100 0.027294
3 0.696348 0.917434 0.005495 0.004777
3 0.696025 0.859263 0.004848 0.003071
3 0.691176 0.862504 0.005495 0.003412
3 0.673239 0.910099 0.016807 0.029683
3 0.952004 0.620096 0.004202 0.007165
4 0.960246 0.621631 0.005171 0.011600
3 0.955559 0.621801 0.004202 0.011941
3 0.555915 0.967417 0.005818 0.007847
3 0.561571 0.968782 0.012605 0.019447
