0 0.404114 0.413343 0.044543 0.016506
0 0.419075 0.375860 0.009181 0.021320
0 0.409215 0.360041 0.017341 0.054333
0 0.530262 0.228851 0.009861 0.048487
0 0.521421 0.227992 0.012581 0.050206
0 0.510541 0.227132 0.011221 0.057428
0 0.463958 0.276479 0.010541 0.037827
0 0.498810 0.383425 0.013601 0.047455
0 0.454947 0.274243 0.012241 0.045736
0 0.445597 0.274243 0.012581 0.047111
0 0.498470 0.468191 0.023801 0.040234
0 0.518701 0.481602 0.025502 0.049862
0 0.228324 0.093879 0.011221 0.003439
4 0.406324 0.322387 0.012241 0.005158
4 0.250595 0.623109 0.012921 0.006878
0 0.397824 0.119842 0.040122 0.018913
4 0.446277 0.489684 0.007140 0.006878
4 0.230024 0.096802 0.011901 0.003783
3 0.237844 0.092160 0.007140 0.003439
0 0.491499 0.388583 0.005780 0.010316
0 0.507820 0.388411 0.016661 0.057428
4 0.506460 0.470254 0.024821 0.058116
4 0.511391 0.475928 0.021081 0.044704
4 0.448827 0.480915 0.004760 0.012724
4 0.453417 0.479195 0.004420 0.012724
4 0.451207 0.480055 0.003400 0.011004
0 0.399014 0.522180 0.015981 0.007221
4 0.438966 0.531637 0.012241 0.013755
4 0.444067 0.531809 0.008160 0.012036
