0 0.674260 0.927098 0.020401 0.035076
0 0.640768 0.905949 0.015301 0.029230
0 0.570724 0.751032 0.056103 0.085970
0 0.531282 0.793329 0.077185 0.044017
0 0.589935 0.763239 0.055083 0.087001
0 0.328630 0.758597 0.045903 0.049519
0 0.353791 0.727476 0.049983 0.053301
0 0.518871 0.213033 0.014281 0.009285
0 0.514111 0.240028 0.007480 0.021320
0 0.509351 0.240887 0.004760 0.023040
4 0.514621 0.224725 0.010541 0.006534
4 0.513941 0.220770 0.014621 0.008941
0 0.331010 0.782669 0.016661 0.017194
0 0.467868 0.715096 0.089765 0.038171
0 0.461238 0.692572 0.083985 0.037827
0 0.472798 0.656293 0.071744 0.032669
0 0.466678 0.675206 0.080585 0.038171
4 0.422135 0.133769 0.011901 0.011004
0 0.317069 0.045220 0.009861 0.007909
0 0.314009 0.036623 0.008501 0.009972
4 0.337640 0.054333 0.008841 0.007565
4 0.328970 0.044017 0.009181 0.009629
4 0.327950 0.047283 0.008501 0.010660
4 0.517341 0.216128 0.013941 0.010660
4 0.518701 0.195839 0.023461 0.025103
0 0.509691 0.194807 0.015641 0.013411
4 0.524821 0.208047 0.007820 0.007565
0 0.521421 0.209766 0.012581 0.008253
4 0.321659 0.045736 0.006120 0.010316
4 0.312309 0.045048 0.009181 0.004127
0 0.443047 0.572215 0.107446 0.047455
0 0.437096 0.588033 0.120027 0.034388
0 0.633288 0.904746 0.008501 0.012380
0 0.649439 0.914890 0.024481 0.046424
0 0.662020 0.921424 0.031962 0.056052
4 0.548283 0.729023 0.026182 0.016506
4 0.550663 0.720083 0.034342 0.015818
0 0.620877 0.782153 0.018361 0.009972
0 0.627678 0.767538 0.011561 0.018569
0 0.622237 0.761348 0.019721 0.028886
0 0.602176 0.782153 0.017001 0.020289
0 0.589255 0.801410 0.012241 0.031293
0 0.596906 0.808803 0.010541 0.024072
0 0.604896 0.811039 0.012921 0.028542
0 0.615097 0.750344 0.030602 0.048831
0 0.339680 0.742779 0.047603 0.047455
0 0.380823 0.779917 0.011561 0.011004
0 0.380313 0.770977 0.040462 0.028886
0 0.418735 0.734697 0.024141 0.038171
0 0.313159 0.712173 0.006120 0.006190
