0 0.285617 0.453576 0.060524 0.017194
0 0.518361 0.449794 0.018021 0.007565
0 0.529922 0.440681 0.047943 0.014099
0 0.710473 0.493294 0.035022 0.013411
3 0.640938 0.516506 0.006120 0.004127
3 0.641959 0.518226 0.005440 0.004127
3 0.648419 0.524415 0.003400 0.006190
3 0.646889 0.522180 0.003740 0.005846
3 0.638048 0.520977 0.003740 0.005502
0 0.943727 0.511864 0.030262 0.009972
0 0.902584 0.522524 0.041142 0.012036
0 0.947467 0.523900 0.036382 0.014099
0 0.954267 0.531465 0.029582 0.011348
0 0.980619 0.500860 0.027882 0.007909
0 0.997110 0.494326 0.005780 0.009972
0 0.903264 0.532325 0.034342 0.011692
0 0.990139 0.519601 0.019721 0.012380
0 0.985889 0.508081 0.028222 0.016850
4 0.003910 0.526479 0.003060 0.013067
3 0.010881 0.526135 0.007480 0.015818
0 0.090955 0.453576 0.023461 0.013067
0 0.090955 0.446011 0.030942 0.016506
0 0.131078 0.441884 0.037062 0.011692
0 0.125638 0.450309 0.023461 0.009285
0 0.164910 0.441713 0.025162 0.008597
0 0.236144 0.443260 0.062224 0.014443
4 0.260116 0.433459 0.014961 0.006534
0 0.438796 0.482978 0.024141 0.012724
0 0.584155 0.429333 0.016321 0.009972
4 0.563924 0.514271 0.026862 0.012724
3 0.646209 0.471458 0.033662 0.011004
0 0.712683 0.499656 0.023801 0.008253
0 0.713533 0.505330 0.024141 0.007909
0 0.713533 0.511864 0.029582 0.010660
0 0.892044 0.510316 0.017341 0.008941
0 0.949167 0.516334 0.021421 0.007909
0 0.893574 0.515131 0.012921 0.005502
0 0.907514 0.514787 0.016321 0.006878
0 0.975859 0.494326 0.029922 0.009972
