0 0.746091 0.552595 0.059823 0.101409
0 0.754759 0.562736 0.046567 0.074940
0 0.762576 0.565486 0.044528 0.072877
0 0.771924 0.570299 0.036710 0.055689
0 0.781101 0.572877 0.034670 0.058096
0 0.987424 0.304228 0.025153 0.035751
0 0.478586 0.794259 0.057104 0.028532
0 0.443066 0.803197 0.044528 0.025095
0 0.469748 0.824510 0.040789 0.028532
0 0.484704 0.843933 0.042828 0.030251
0 0.496261 0.860605 0.036030 0.025095
0 0.669613 0.766758 0.036030 0.054658
0 0.677600 0.778102 0.037729 0.054658
0 0.686438 0.788587 0.045207 0.068752
0 0.696465 0.795634 0.036030 0.057408
0 0.601462 0.844276 0.020734 0.038501
0 0.505438 0.931592 0.027872 0.056377
0 0.726207 0.547955 0.061523 0.097628
0 0.632563 0.863355 0.016315 0.028532
0 0.619307 0.855105 0.016315 0.025095
0 0.607920 0.847714 0.016655 0.026126
0 0.777532 0.070471 0.021414 0.046751
0 0.748980 0.107425 0.007138 0.016157
0 0.741502 0.094019 0.022094 0.051220
0 0.727396 0.107769 0.018355 0.031970
0 0.729436 0.148505 0.009517 0.014438
0 0.724507 0.170333 0.023453 0.034032
0 0.695615 0.212444 0.020054 0.040564
0 0.715330 0.161396 0.023453 0.036782
0 0.797757 0.149192 0.019035 0.045376
0 0.778552 0.210210 0.027532 0.049845
0 0.620156 0.804400 0.009177 0.014438
3 0.832257 0.546236 0.006458 0.003438
0 0.500000 0.980578 0.024473 0.038845
0 0.488613 0.980234 0.020054 0.039532
3 0.897859 0.620660 0.006458 0.006531
0 0.680829 0.650911 0.025833 0.045720
0 0.638001 0.746305 0.044188 0.068752
4 0.647519 0.753867 0.045547 0.071502
0 0.659075 0.758508 0.042828 0.069096
0 0.594833 0.836886 0.036710 0.060158
4 0.614718 0.850292 0.020054 0.034032
4 0.626275 0.855792 0.020734 0.036782
0 0.610469 0.799072 0.009517 0.016157
0 0.638341 0.813510 0.006118 0.009282
0 0.635452 0.811791 0.009857 0.014782
0 0.632563 0.810932 0.009517 0.015125
0 0.629334 0.809041 0.009857 0.015469
0 0.625935 0.807494 0.009177 0.015813
0 0.623215 0.805775 0.009177 0.015125
0 0.616927 0.802853 0.009517 0.014782
0 0.613698 0.801650 0.008498 0.015813
