0 0.014106 0.298282 0.028212 0.035739
0 0.081407 0.008247 0.037050 0.016495
0 0.098912 0.015979 0.055744 0.031959
0 0.073419 0.003780 0.031951 0.007560
0 0.031951 0.285567 0.020394 0.010997
0 0.231475 0.293127 0.040789 0.046735
0 0.340925 0.233505 0.038069 0.043643
3 0.369307 0.918729 0.003059 0.005842
4 0.285350 0.571649 0.013936 0.012027
4 0.727396 0.086770 0.006798 0.003093
3 0.073759 0.993471 0.006118 0.004124
3 0.225527 0.221134 0.007138 0.005155
3 0.262746 0.630241 0.006798 0.006186
3 0.684228 0.228522 0.006798 0.006873
3 0.678280 0.218213 0.004419 0.005498
