3 0.066769 0.981265 0.007815 0.006531
0 0.126741 0.953077 0.055046 0.048470
0 0.335372 0.856480 0.062521 0.052595
0 0.388379 0.809213 0.063201 0.054314
0 0.483011 0.718804 0.033639 0.031626
0 0.491845 0.624441 0.014611 0.016157
0 0.479783 0.618082 0.027183 0.037814
0 0.818892 0.490718 0.057085 0.035407
0 0.881074 0.919904 0.063201 0.033689
0 0.904010 0.826745 0.060822 0.034376
0 0.945464 0.822963 0.070336 0.037814
0 0.951240 0.835682 0.059463 0.034376
3 0.273021 0.817635 0.007136 0.008594
0 0.978084 0.232039 0.037037 0.035064
0 0.075603 0.987796 0.037037 0.024407
0 0.093102 0.989687 0.055725 0.020626
0 0.139314 0.965280 0.058444 0.046064
0 0.067618 0.986593 0.031940 0.026813
0 0.520727 0.690615 0.013252 0.026126
4 0.511383 0.691818 0.018349 0.023032
