0 0.102991 0.681678 0.039429 0.055689
0 0.151258 0.651770 0.044867 0.041939
0 0.542828 0.465796 0.027192 0.014438
0 0.542998 0.474046 0.026852 0.014438
0 0.558634 0.478515 0.054725 0.024063
0 0.563222 0.117051 0.104011 0.041595
0 0.828348 0.519079 0.012916 0.024063
3 0.296227 0.448092 0.012576 0.007906
4 0.821720 0.519079 0.008498 0.017876
0 0.428110 0.147301 0.083277 0.034720
0 0.140551 0.211757 0.050646 0.028876
0 0.662814 0.461327 0.064582 0.017876
0 0.650578 0.475077 0.063222 0.018563
0 0.641061 0.487625 0.065262 0.020282
0 0.650918 0.500172 0.063222 0.020626
0 0.641061 0.043658 0.015636 0.038501
3 0.647689 0.068408 0.007818 0.003438
0 0.647349 0.058955 0.005778 0.017532
4 0.973487 0.396872 0.008158 0.003094
0 0.889191 0.708147 0.016995 0.028188
0 0.880863 0.706085 0.015976 0.026126
4 0.814922 0.508938 0.007138 0.007906
3 0.864718 0.097112 0.007478 0.004469
4 0.760027 0.071502 0.008158 0.004813
0 0.817811 0.521485 0.007478 0.016501
