0 0.120836 0.001547 0.015976 0.003094
0 0.146159 0.003609 0.012916 0.007219
0 0.455642 0.006531 0.009857 0.013063
0 0.134262 0.005844 0.017675 0.011688
0 0.030252 0.127191 0.027192 0.072190
0 0.151768 0.099347 0.018695 0.074940
0 0.137322 0.194569 0.018355 0.068065
0 0.150408 0.190959 0.020734 0.080096
0 0.158056 0.151083 0.008158 0.040220
0 0.151768 0.282743 0.023453 0.091097
0 0.150918 0.357511 0.017675 0.071502
0 0.137831 0.359574 0.016655 0.072190
0 0.165534 0.415263 0.021754 0.057752
0 0.154657 0.449295 0.012237 0.049502
3 0.184398 0.487796 0.015976 0.009625
3 0.185418 0.532485 0.006458 0.002750
3 0.181679 0.534892 0.007818 0.004125
0 0.134092 0.564283 0.011897 0.040908
0 0.141230 0.571330 0.009857 0.026813
0 0.148368 0.571158 0.007818 0.026470
0 0.144290 0.607081 0.009177 0.028188
0 0.127804 0.601925 0.006798 0.024063
0 0.138001 0.604847 0.008158 0.028532
3 0.146839 0.627191 0.010197 0.009282
3 0.141910 0.638020 0.005778 0.011688
3 0.138681 0.635270 0.006118 0.013750
3 0.158906 0.586628 0.012576 0.005156
3 0.155846 0.597800 0.007818 0.005500
3 0.157376 0.595222 0.006798 0.007219
3 0.158736 0.593331 0.006798 0.007563
3 0.158056 0.603988 0.006798 0.006875
3 0.155506 0.605191 0.005099 0.006531
3 0.153807 0.606222 0.005099 0.005156
3 0.179980 0.564455 0.010537 0.008250
3 0.184398 0.559642 0.013256 0.006875
0 0.330557 0.600722 0.035010 0.040908
0 0.379674 0.535579 0.036030 0.039876
0 0.387152 0.542283 0.032631 0.047095
0 0.433379 0.427810 0.023793 0.034720
0 0.483345 0.199037 0.015636 0.055002
0 0.493712 0.197662 0.013256 0.064627
3 0.324439 0.595394 0.011217 0.015125
0 0.417913 0.459436 0.031611 0.042970
0 0.449014 0.379340 0.008838 0.023032
0 0.454623 0.376246 0.007138 0.021657
0 0.199184 0.374527 0.029232 0.007906
3 0.236404 0.476452 0.003739 0.008938
0 0.519035 0.690443 0.050986 0.023719
0 0.788579 0.670162 0.048266 0.027157
0 0.131883 0.828120 0.015636 0.015813
0 0.132563 0.602956 0.007478 0.024751
0 0.448165 0.345136 0.020054 0.008250
