0 0.004894 0.025545 0.009788 0.051089
0 0.125285 0.025941 0.213377 0.051881
0 0.005383 0.274653 0.010767 0.020990
0 0.002773 0.278614 0.005546 0.018614
0 0.001305 0.283960 0.002610 0.020594
4 0.052692 0.295446 0.047961 0.023762
3 0.079282 0.279208 0.018271 0.010297
0 0.083197 0.282772 0.017618 0.011089
0 0.087113 0.287525 0.020228 0.011089
4 0.050082 0.287525 0.035563 0.020594
4 0.045188 0.279604 0.031648 0.015842
4 0.017618 0.302376 0.016313 0.013069
0 0.012887 0.167129 0.025775 0.011881
0 0.016966 0.176238 0.033931 0.020594
0 0.092496 0.270099 0.007504 0.012673
0 0.020392 0.199208 0.017945 0.027723
0 0.043230 0.188911 0.014029 0.021386
0 0.009135 0.201386 0.013703 0.028119
0 0.054160 0.184752 0.015661 0.024158
0 0.043230 0.228317 0.015987 0.033663
0 0.064437 0.220594 0.014029 0.026139
3 0.086786 0.267129 0.005220 0.009109
0 0.035400 0.194653 0.014029 0.025743
0 0.073573 0.216040 0.015987 0.029703
0 0.097553 0.270099 0.007830 0.017426
0 0.053507 0.223366 0.016313 0.031683
