0 0.981135 0.006531 0.037729 0.013063
0 0.890721 0.055517 0.032971 0.032657
0 0.762407 0.555517 0.015636 0.007563
4 0.779572 0.553283 0.014616 0.007219
0 0.930320 0.872465 0.012916 0.048814
0 0.940347 0.872121 0.013256 0.044689
0 0.910095 0.808353 0.013256 0.053970
0 0.920632 0.808182 0.011217 0.041939
0 0.940007 0.683568 0.013936 0.043658
0 0.932019 0.564283 0.021754 0.042283
4 0.778552 0.556377 0.013256 0.005156
0 0.962950 0.446889 0.014956 0.048814
0 0.944256 0.350120 0.009517 0.033345
0 0.962780 0.260743 0.006458 0.030595
4 0.894460 0.197834 0.015976 0.018219
4 0.903637 0.070127 0.009857 0.011688
