0 0.985481 0.763960 0.029038 0.106931
4 0.270147 0.293861 0.031321 0.044356
0 0.033116 0.353069 0.030995 0.045545
0 0.016313 0.355050 0.031974 0.046337
0 0.021697 0.337624 0.043393 0.043168
0 0.557749 0.675050 0.084502 0.051089
0 0.008809 0.970693 0.017618 0.058614
4 0.631811 0.214257 0.040131 0.014257
4 0.012072 0.239604 0.024144 0.015050
0 0.713214 0.702178 0.092659 0.083960
4 0.051876 0.227327 0.033931 0.038812
4 0.051060 0.265545 0.048613 0.032871
0 0.133116 0.935248 0.213377 0.129505
4 0.582382 0.007921 0.029364 0.015842
0 0.856933 0.086733 0.036215 0.019010
4 0.552692 0.013267 0.033931 0.017822
0 0.551876 0.002970 0.032953 0.005941
4 0.001631 0.366733 0.003263 0.036436
4 0.090701 0.238614 0.039804 0.020198
4 0.640457 0.202970 0.030016 0.010693
