0 0.040109 0.969921 0.021754 0.060158
0 0.017845 0.984359 0.035690 0.031282
0 0.079028 0.964593 0.034330 0.062564
0 0.065262 0.965796 0.042828 0.068408
0 0.209211 0.649708 0.005778 0.013750
0 0.221788 0.654177 0.010537 0.011688
0 0.216179 0.603300 0.006118 0.012375
0 0.233175 0.609832 0.007478 0.013063
0 0.116757 0.590581 0.012576 0.026126
0 0.036880 0.845480 0.041128 0.061533
4 0.200544 0.588175 0.014956 0.007563
0 0.075629 0.922654 0.020054 0.049502
0 0.067131 0.919732 0.008498 0.020282
0 0.003399 0.788415 0.006798 0.060158
0 0.011727 0.785665 0.023453 0.064971
4 0.248131 0.619285 0.006798 0.018907
4 0.244222 0.617051 0.005099 0.013750
0 0.220258 0.602441 0.007478 0.013407
4 0.221448 0.607941 0.009177 0.012719
4 0.229946 0.608457 0.007138 0.011000
4 0.235384 0.611550 0.007818 0.015813
4 0.238443 0.613097 0.007138 0.012719
0 0.154997 0.595909 0.009517 0.030595
0 0.147689 0.594190 0.009177 0.027157
0 0.140721 0.593331 0.010197 0.029563
0 0.134602 0.591956 0.012916 0.033001
0 0.127804 0.591956 0.012237 0.031626
0 0.096363 0.577862 0.009177 0.029563
0 0.101971 0.582331 0.010197 0.028188
0 0.108430 0.589550 0.015636 0.032314
