0 0.291680 0.043762 0.160522 0.087525
0 0.191028 0.696436 0.010114 0.017822
0 0.301305 0.716634 0.031648 0.059010
0 0.292007 0.720396 0.030016 0.061782
0 0.281729 0.724554 0.029038 0.058218
0 0.269168 0.720000 0.042414 0.101386
0 0.215824 0.709505 0.036868 0.072475
0 0.175367 0.715644 0.045351 0.088713
0 0.307667 0.367525 0.043719 0.057030
3 0.456444 0.680792 0.011093 0.013465
4 0.075367 0.757030 0.050245 0.072475
0 0.088581 0.726931 0.019902 0.019406
0 0.097227 0.761188 0.048940 0.049109
4 0.116150 0.754257 0.040457 0.053465
4 0.124470 0.750099 0.039478 0.053069
4 0.134421 0.748317 0.034584 0.046337
4 0.141109 0.740594 0.043393 0.057030
4 0.148613 0.734455 0.043393 0.060594
4 0.305710 0.703366 0.015661 0.027723
4 0.270147 0.747525 0.022838 0.050297
4 0.251713 0.707327 0.023165 0.056238
4 0.238989 0.708911 0.020555 0.056238
4 0.226754 0.712277 0.025449 0.055050
4 0.209625 0.726931 0.025775 0.046337
0 0.198369 0.726733 0.013051 0.015050
3 0.202610 0.724158 0.010440 0.013069
0 0.204894 0.741584 0.018271 0.021782
4 0.182055 0.697030 0.027406 0.053069
4 0.516476 0.315446 0.021533 0.030495
4 0.509135 0.316238 0.020555 0.031287
4 0.500489 0.318812 0.020881 0.027723
4 0.518760 0.338614 0.027406 0.017426
4 0.527080 0.356040 0.019902 0.029307
4 0.515498 0.366337 0.015008 0.020594
0 0.509135 0.366733 0.017945 0.022178
4 0.502610 0.367921 0.018597 0.025347
4 0.497064 0.372475 0.017945 0.022574
4 0.491680 0.377624 0.016313 0.021782
0 0.487439 0.418020 0.024796 0.015446
0 0.453344 0.406931 0.017292 0.028119
0 0.441436 0.086337 0.022186 0.011089
4 0.173083 0.744950 0.014029 0.036436
0 0.485808 0.266535 0.018923 0.026931
0 0.456770 0.155248 0.020228 0.015842
0 0.429038 0.105149 0.013703 0.024950
4 0.314192 0.429109 0.105057 0.034455
4 0.460196 0.252871 0.061011 0.019406
4 0.458238 0.232079 0.048613 0.019802
4 0.461990 0.240792 0.047635 0.018218
4 0.452529 0.222376 0.046330 0.020990
4 0.452529 0.116832 0.024144 0.015050
4 0.471289 0.100990 0.023817 0.011089
0 0.523817 0.400198 0.023817 0.016238
4 0.498695 0.133465 0.012072 0.022970
0 0.527080 0.409109 0.014682 0.009505
4 0.490375 0.110297 0.015008 0.019406
4 0.492659 0.137624 0.008483 0.017030
4 0.435726 0.102772 0.011419 0.020990
4 0.509625 0.058020 0.018271 0.013861
4 0.484502 0.117624 0.015008 0.021386
4 0.506036 0.050495 0.017618 0.009109
4 0.504405 0.287327 0.014356 0.024950
0 0.462806 0.158416 0.022512 0.012673
0 0.544535 0.389109 0.011746 0.006733
4 0.441109 0.078812 0.019576 0.010297
0 0.545677 0.394455 0.010767 0.007921
4 0.520718 0.361386 0.012398 0.024950
4 0.490865 0.293465 0.013377 0.025347
0 0.421207 0.108317 0.009135 0.017030
0 0.491680 0.423366 0.015661 0.010297
4 0.497390 0.267129 0.009462 0.010693
4 0.457586 0.190495 0.027080 0.045941
4 0.497064 0.288515 0.011419 0.024158
0 0.451060 0.109307 0.017945 0.010297
0 0.476672 0.389109 0.025449 0.017030
0 0.331811 0.369109 0.043719 0.084752
0 0.019413 0.771881 0.038825 0.106931
4 0.536215 0.353267 0.015987 0.028515
0 0.393801 0.151881 0.018923 0.024158
0 0.463295 0.410297 0.011746 0.019802
0 0.388581 0.558614 0.105710 0.214257
4 0.492822 0.260594 0.008157 0.019010
4 0.437520 0.072277 0.016313 0.009109
