0 0.436195 0.923168 0.014034 0.030891
4 0.439948 0.940990 0.013055 0.003960
4 0.442722 0.948713 0.007507 0.003564
4 0.448923 0.928515 0.005548 0.011485
4 0.442232 0.900594 0.014360 0.036436
0 0.299608 0.992871 0.160574 0.014257
4 0.452513 0.928911 0.003590 0.007525
4 0.433584 0.946733 0.007507 0.009901
0 0.424445 0.914257 0.014687 0.040000
4 0.300098 0.039604 0.044060 0.044356
0 0.454308 0.903960 0.007180 0.017822
4 0.444354 0.951881 0.007507 0.003564
3 0.410085 0.930297 0.007507 0.013465
0 0.416449 0.924950 0.010444 0.026535
3 0.443701 0.944554 0.008159 0.003960
0 0.444843 0.930891 0.003916 0.009901
