4 0.015145 0.471245 0.023470 0.007857
3 0.539017 0.693118 0.003611 0.009114
3 0.653962 0.731615 0.007222 0.015085
3 0.646740 0.728944 0.008024 0.016656
3 0.640421 0.723916 0.008626 0.019799
0 0.619759 0.737744 0.015446 0.004714
3 0.632197 0.724230 0.007823 0.017285
3 0.626479 0.725959 0.006419 0.016342
0 0.035507 0.414205 0.006820 0.013199
0 0.273721 0.456631 0.022267 0.006914
0 0.280040 0.464488 0.038114 0.008799
0 0.334704 0.478630 0.034704 0.006914
0 0.245035 0.475644 0.004213 0.017285
0 0.207723 0.487429 0.004614 0.028913
0 0.084453 0.538498 0.012839 0.062539
0 0.206419 0.520742 0.006820 0.037712
0 0.093982 0.547612 0.011033 0.041798
0 0.040522 0.564896 0.009629 0.017285
0 0.070411 0.565053 0.005617 0.019485
0 0.048445 0.559868 0.006219 0.010999
3 0.278837 0.494343 0.004012 0.015713
3 0.602808 0.735072 0.008024 0.004400
3 0.585557 0.722659 0.005216 0.009742
3 0.580642 0.722187 0.004213 0.008171
3 0.548546 0.805154 0.007823 0.003771
3 0.617954 0.726587 0.006620 0.013199
0 0.099599 0.181961 0.047141 0.013199
0 0.073220 0.216216 0.042528 0.008171
0 0.312538 0.184318 0.071414 0.014142
0 0.392879 0.186675 0.078034 0.016342
0 0.069609 0.265399 0.060983 0.016028
0 0.048947 0.318825 0.014845 0.060654
0 0.068806 0.343180 0.023671 0.006285
3 0.036108 0.447832 0.004814 0.011314
3 0.037513 0.466688 0.008024 0.002514
0 0.425176 0.389221 0.069609 0.014142
0 0.206820 0.461816 0.007623 0.022313
4 0.252357 0.464488 0.004814 0.016970
0 0.560181 0.477844 0.010632 0.063796
0 0.548044 0.505657 0.014845 0.087995
0 0.559178 0.531427 0.007422 0.043369
3 0.337111 0.489158 0.043932 0.007228
3 0.229689 0.482087 0.005216 0.014456
3 0.234704 0.484758 0.004814 0.014771
3 0.233801 0.499371 0.004614 0.013199
0 0.075125 0.521213 0.011033 0.030484
0 0.076329 0.545726 0.008225 0.019170
3 0.534504 0.556411 0.011434 0.013514
3 0.534203 0.570710 0.014042 0.012571
3 0.534504 0.577624 0.003410 0.007542
3 0.522066 0.597423 0.003009 0.007542
0 0.617352 0.629478 0.027884 0.006914
4 0.604714 0.620207 0.015446 0.004714
3 0.596088 0.627593 0.015045 0.005657
3 0.590271 0.613136 0.005817 0.016970
3 0.582247 0.630735 0.004614 0.012571
3 0.576730 0.613765 0.004814 0.013828
3 0.561785 0.629321 0.003410 0.009742
3 0.554564 0.614236 0.005015 0.014142
3 0.549850 0.629007 0.002808 0.009742
3 0.546339 0.629007 0.003811 0.009742
3 0.579438 0.731144 0.008225 0.004085
3 0.566199 0.728630 0.005817 0.003457
3 0.616449 0.747643 0.005216 0.002514
3 0.665797 0.747014 0.014443 0.006285
3 0.561284 0.815682 0.004012 0.004085
0 0.066600 0.560497 0.004814 0.013514
0 0.061785 0.560968 0.006419 0.013828
0 0.054865 0.561596 0.008225 0.011942
0 0.048044 0.571025 0.009027 0.011314
0 0.155165 0.565053 0.025476 0.011942
0 0.273721 0.480201 0.022668 0.005657
0 0.274223 0.473602 0.020060 0.008171
0 0.206419 0.549497 0.004413 0.013514
0 0.993781 0.774199 0.012437 0.023570
0 0.202207 0.553268 0.004814 0.019799
0 0.062788 0.305940 0.016851 0.067568
0 0.105817 0.530327 0.014644 0.070082
0 0.068907 0.227687 0.055968 0.019799
0 0.038716 0.462288 0.016048 0.008799
0 0.197593 0.554211 0.004413 0.009742
