0 0.036309 0.806761 0.032497 0.023585
0 0.397693 0.314623 0.024674 0.005346
0 0.266499 0.355975 0.008626 0.017610
0 0.272217 0.351572 0.005617 0.021384
0 0.302508 0.358176 0.007623 0.013836
0 0.310431 0.362264 0.006219 0.023899
0 0.304413 0.333491 0.012237 0.043082
0 0.335306 0.346698 0.015045 0.050629
0 0.342528 0.343082 0.011836 0.037736
0 0.296891 0.324214 0.006018 0.020755
0 0.317452 0.362579 0.007021 0.025157
0 0.518957 0.369340 0.006419 0.024843
0 0.402708 0.397642 0.027482 0.010377
0 0.676128 0.486635 0.007422 0.021069
0 0.670913 0.486478 0.006620 0.019497
0 0.684253 0.450943 0.023270 0.008176
0 0.728786 0.607390 0.016048 0.051887
0 0.423170 0.668553 0.047944 0.013836
0 0.229990 0.849528 0.057974 0.046226
0 0.192477 0.821698 0.019860 0.015723
0 0.720461 0.882075 0.020662 0.061006
0 0.378435 0.514780 0.024273 0.011321
0 0.397492 0.528616 0.019458 0.016981
0 0.402106 0.524214 0.019458 0.015723
0 0.366800 0.544969 0.027081 0.006289
0 0.684554 0.520440 0.016650 0.048428
3 0.907823 0.213050 0.006219 0.003459
4 0.308526 0.268868 0.004413 0.012579
3 0.556871 0.258019 0.016851 0.007233
3 0.592879 0.277201 0.009829 0.024843
3 0.605517 0.281604 0.009428 0.020440
3 0.495186 0.304717 0.008225 0.005660
0 0.180542 0.321855 0.010431 0.016038
0 0.187563 0.337579 0.010030 0.028616
0 0.196590 0.341981 0.011635 0.027987
0 0.204213 0.328459 0.011234 0.029245
0 0.210632 0.326730 0.008024 0.029560
0 0.215747 0.331604 0.005817 0.019811
0 0.221264 0.319654 0.007623 0.026730
4 0.236810 0.343553 0.013440 0.063208
0 0.254062 0.312579 0.019458 0.008176
0 0.259478 0.331289 0.007021 0.028616
0 0.260983 0.352987 0.006419 0.014151
0 0.326379 0.355189 0.015246 0.054403
4 0.349649 0.362264 0.007623 0.018868
0 0.710532 0.495126 0.028887 0.090881
0 0.695186 0.497956 0.027081 0.089623
0 0.681444 0.485849 0.009228 0.022642
0 0.387663 0.475314 0.041525 0.011635
0 0.390271 0.485849 0.048746 0.011321
0 0.376229 0.499371 0.008225 0.004403
0 0.357272 0.507547 0.023270 0.024528
0 0.390171 0.509119 0.047743 0.020755
4 0.385557 0.547013 0.018857 0.006604
0 0.395186 0.553774 0.012839 0.018239
0 0.521163 0.644497 0.024875 0.069497
0 0.285958 0.645912 0.004614 0.015094
0 0.268305 0.655818 0.010231 0.033019
0 0.250050 0.651415 0.007823 0.031761
0 0.306720 0.993868 0.071013 0.012264
0 0.263691 0.652673 0.008225 0.020440
0 0.370010 0.661164 0.035105 0.016667
0 0.390471 0.674371 0.021866 0.032390
0 0.486560 0.688679 0.007823 0.022642
0 0.162387 0.903774 0.020261 0.020755
0 0.280642 0.643396 0.007623 0.013208
0 0.408124 0.443553 0.013039 0.014151
0 0.405717 0.403931 0.019860 0.014151
0 0.575527 0.264151 0.005216 0.008805
0 0.600602 0.275000 0.010832 0.020440
0 0.398696 0.427987 0.033099 0.025786
0 0.079438 0.831289 0.042528 0.041195
0 0.142026 0.871226 0.030893 0.027987
0 0.133501 0.872170 0.029488 0.026101
0 0.121163 0.852673 0.018857 0.020440
0 0.257071 0.650943 0.012638 0.022013
0 0.351153 0.341667 0.015446 0.046226
0 0.280843 0.332547 0.013641 0.046226
0 0.512237 0.635849 0.016249 0.030818
0 0.491474 0.307862 0.008826 0.006289
0 0.725878 0.422484 0.005416 0.015409
0 0.110130 0.852358 0.019659 0.019811
0 0.123069 0.871855 0.033902 0.027987
