4 0.867594 0.014307 0.005563 0.005136
3 0.855633 0.015407 0.002782 0.003668
3 0.876912 0.029347 0.005841 0.006603
3 0.879833 0.020726 0.005563 0.006970
3 0.871627 0.021827 0.004172 0.005503
3 0.860083 0.027329 0.005007 0.003302
3 0.963561 0.174431 0.008345 0.006236
0 0.192907 0.878577 0.109875 0.051357
3 0.937274 0.098863 0.036996 0.024578
3 0.855911 0.022927 0.002782 0.002568
3 0.856050 0.017975 0.003616 0.004402
3 0.858832 0.023478 0.002503 0.002201
3 0.858414 0.022010 0.002782 0.002201
3 0.857858 0.020726 0.003338 0.002568
3 0.857163 0.019442 0.003060 0.002935
3 0.855216 0.021277 0.003616 0.002935
3 0.929903 0.089692 0.035049 0.026045
3 0.926008 0.073184 0.038387 0.026779
3 0.910709 0.067865 0.026147 0.024211
3 0.948261 0.109134 0.041168 0.031181
3 0.960362 0.122524 0.046453 0.034483
