3 0.632230 0.010826 0.009733 0.006239
3 0.702308 0.013761 0.004727 0.006239
3 0.434372 0.005138 0.011680 0.008807
3 0.417964 0.008991 0.013348 0.006239
3 0.210234 0.002936 0.021691 0.005872
3 0.619160 0.011743 0.008621 0.007339
3 0.537681 0.014862 0.014182 0.011376
3 0.433676 0.011927 0.013626 0.009174
3 0.310484 0.002569 0.021969 0.005138
3 0.521969 0.009541 0.013348 0.011009
3 0.765573 0.015596 0.017798 0.008440
3 0.583287 0.014128 0.011958 0.006972
3 0.284483 0.004220 0.024472 0.008440
3 0.473860 0.007706 0.012792 0.006606
3 0.489850 0.006239 0.014739 0.010275
3 0.369994 0.007706 0.015851 0.007339
3 0.233871 0.007523 0.023359 0.009908
3 0.571329 0.008257 0.011958 0.007706
3 0.664210 0.011009 0.010289 0.005138
3 0.352892 0.004587 0.016129 0.007706
3 0.224277 0.072294 0.019744 0.010275
3 0.304227 0.013945 0.011680 0.008073
3 0.455089 0.125321 0.011958 0.006239
3 0.618604 0.087339 0.009733 0.003670
3 0.578699 0.054495 0.013348 0.006972
0 0.525167 0.776147 0.017519 0.016147
3 0.221496 0.062202 0.014182 0.011376
3 0.134594 0.062385 0.014461 0.013211
3 0.631674 0.014679 0.009177 0.004404
3 0.629310 0.017615 0.009455 0.005872
3 0.628337 0.030092 0.011402 0.007339
3 0.629727 0.026239 0.011958 0.006972
3 0.622636 0.064404 0.010567 0.006239
3 0.662820 0.076330 0.008065 0.006606
3 0.690907 0.071560 0.005840 0.004404
3 0.620829 0.072661 0.009733 0.005872
3 0.598443 0.108257 0.008899 0.005138
3 0.602475 0.102569 0.009177 0.007706
3 0.606090 0.082018 0.011958 0.004771
3 0.623749 0.053945 0.010011 0.005872
3 0.607620 0.064404 0.011680 0.009174
3 0.604004 0.085505 0.012236 0.006606
3 0.608871 0.057248 0.010845 0.008073
3 0.605256 0.076514 0.012514 0.008440
3 0.613181 0.041284 0.008899 0.007706
3 0.669077 0.038532 0.006118 0.004404
3 0.610957 0.049725 0.010567 0.006239
3 0.616935 0.022752 0.008065 0.008807
3 0.580784 0.034128 0.014182 0.009541
3 0.581062 0.025688 0.011402 0.005872
3 0.579255 0.037615 0.011123 0.007706
3 0.567158 0.103486 0.013070 0.008073
3 0.569800 0.094862 0.013904 0.009174
3 0.468854 0.120917 0.013348 0.009174
3 0.455645 0.117064 0.013070 0.010275
3 0.503337 0.117248 0.012236 0.009174
3 0.525028 0.089908 0.016685 0.013211
3 0.554366 0.101468 0.015851 0.010642
3 0.553671 0.091193 0.016129 0.013578
3 0.457870 0.106789 0.009733 0.007339
3 0.468854 0.127890 0.010567 0.005505
3 0.502364 0.126422 0.013070 0.006239
3 0.519605 0.117982 0.014739 0.005505
3 0.504727 0.105688 0.014461 0.010275
3 0.507647 0.098532 0.014182 0.010642
3 0.510150 0.083303 0.013070 0.011743
3 0.513487 0.064587 0.010845 0.008073
3 0.514739 0.055780 0.012792 0.009541
3 0.531285 0.040183 0.012514 0.006972
3 0.519049 0.033578 0.012514 0.009174
3 0.520022 0.024954 0.013348 0.010275
3 0.522386 0.018165 0.011958 0.010642
3 0.342603 0.056697 0.020022 0.007706
3 0.336207 0.097431 0.016129 0.009174
3 0.431313 0.023486 0.013348 0.006606
3 0.353031 0.107156 0.017519 0.008807
3 0.414210 0.020367 0.016407 0.008440
3 0.412264 0.025688 0.016963 0.009541
3 0.411151 0.038165 0.014739 0.009541
3 0.403921 0.078349 0.015851 0.013578
3 0.402531 0.087339 0.015851 0.012477
3 0.401696 0.094862 0.016963 0.010642
3 0.426446 0.061468 0.014182 0.010642
3 0.400028 0.107156 0.012514 0.009541
3 0.424082 0.071376 0.016129 0.009174
3 0.421719 0.089908 0.016963 0.011009
3 0.415601 0.112477 0.014182 0.008440
3 0.414488 0.118165 0.015295 0.006606
3 0.626669 0.041835 0.012514 0.007339
3 0.613737 0.111376 0.008343 0.005505
3 0.616657 0.102018 0.012514 0.006606
3 0.614989 0.096697 0.009177 0.004771
3 0.614433 0.106239 0.011402 0.006239
3 0.619021 0.080000 0.009455 0.005138
3 0.618743 0.076147 0.011680 0.004037
3 0.603587 0.089725 0.012514 0.005505
3 0.611096 0.054128 0.009177 0.005505
3 0.613181 0.031560 0.013904 0.007339
3 0.287820 0.040550 0.005006 0.008440
3 0.280868 0.081468 0.006118 0.007339
3 0.288793 0.090459 0.009177 0.005505
3 0.341630 0.077982 0.015295 0.009908
3 0.331897 0.103670 0.020300 0.009908
3 0.204950 0.030275 0.023915 0.012110
3 0.200640 0.037248 0.025306 0.013578
3 0.202447 0.046972 0.022803 0.011743
3 0.228031 0.028257 0.020022 0.008807
3 0.227753 0.033578 0.023915 0.012844
3 0.228170 0.040734 0.025306 0.011743
3 0.419077 0.103486 0.015573 0.010275
4 0.829533 0.519817 0.007786 0.006239
3 0.520857 0.111193 0.013904 0.006606
3 0.681034 0.116330 0.010011 0.005872
3 0.673109 0.017615 0.008621 0.004404
3 0.673248 0.021468 0.008899 0.004771
3 0.670467 0.034128 0.007786 0.004404
3 0.668660 0.046606 0.009177 0.005138
3 0.666574 0.053945 0.007230 0.004404
3 0.667269 0.056881 0.009177 0.004404
3 0.665462 0.064037 0.008343 0.004771
3 0.693409 0.054495 0.006396 0.004037
3 0.692436 0.060917 0.006674 0.003670
3 0.691463 0.066606 0.007508 0.004037
3 0.687152 0.082936 0.007230 0.003670
3 0.685067 0.091193 0.009733 0.005505
3 0.680061 0.124404 0.008065 0.002936
3 0.656007 0.119633 0.008343 0.004404
3 0.656285 0.113578 0.007786 0.004037
3 0.657119 0.107706 0.007786 0.004771
3 0.661151 0.088991 0.008621 0.004037
3 0.661846 0.083303 0.007786 0.004404
3 0.516546 0.128991 0.010289 0.008440
3 0.503893 0.132661 0.016685 0.009908
3 0.516963 0.120917 0.010011 0.006972
3 0.521691 0.098165 0.011123 0.004771
3 0.521830 0.105872 0.013070 0.005505
3 0.506535 0.090642 0.014739 0.010275
3 0.526974 0.069541 0.013904 0.009174
3 0.511680 0.071927 0.012236 0.011009
3 0.527531 0.062202 0.011123 0.007706
3 0.530451 0.055046 0.013070 0.009541
3 0.531285 0.046972 0.012514 0.007339
3 0.517659 0.041101 0.011402 0.008807
3 0.535873 0.024404 0.013904 0.009174
3 0.432981 0.019083 0.013348 0.008073
3 0.755562 0.066972 0.012792 0.007706
3 0.617770 0.091376 0.010845 0.005138
3 0.607063 0.070459 0.011680 0.005138
3 0.416018 0.014679 0.014461 0.007339
3 0.431174 0.028624 0.013070 0.005872
3 0.431174 0.032477 0.014182 0.006239
3 0.429783 0.036697 0.012514 0.008073
3 0.429227 0.041651 0.014182 0.008440
3 0.427976 0.050642 0.015573 0.011009
3 0.411986 0.032844 0.014182 0.008440
3 0.409622 0.048807 0.013904 0.010275
3 0.409205 0.054862 0.014182 0.007706
3 0.407397 0.060550 0.015017 0.007339
3 0.405033 0.066422 0.017519 0.011743
3 0.485261 0.028807 0.012792 0.006239
3 0.534900 0.032477 0.015295 0.009174
0 0.665044 0.059817 0.006952 0.003670
0 0.683398 0.111193 0.007508 0.004404
0 0.681174 0.121101 0.005840 0.003670
3 0.646274 0.105872 0.010567 0.004771
3 0.575501 0.059817 0.012514 0.007339
3 0.463432 0.064220 0.013626 0.011743
3 0.363042 0.055229 0.017519 0.009908
3 0.301446 0.048624 0.021135 0.009908
3 0.206062 0.016514 0.027809 0.013211
3 0.472052 0.021835 0.013070 0.007706
3 0.564933 0.035413 0.014182 0.008440
3 0.364850 0.049174 0.016129 0.010275
3 0.471357 0.030642 0.010567 0.004771
3 0.462041 0.081835 0.011402 0.006606
3 0.662403 0.016330 0.010011 0.006239
3 0.655172 0.054679 0.008899 0.005872
3 0.654338 0.060550 0.008343 0.005138
3 0.209956 0.009174 0.020578 0.009541
3 0.569661 0.019083 0.009733 0.008073
3 0.566185 0.027523 0.013904 0.008073
3 0.476502 0.079450 0.013626 0.006239
3 0.559093 0.075229 0.012514 0.007339
3 0.370133 0.013394 0.013904 0.007706
3 0.345523 0.038716 0.018632 0.010642
3 0.359010 0.089725 0.020022 0.007706
3 0.349277 0.027156 0.016129 0.007339
3 0.563126 0.050642 0.011123 0.007339
3 0.563821 0.042569 0.013070 0.007339
3 0.474138 0.097982 0.015017 0.010275
3 0.294077 0.084404 0.018076 0.009541
3 0.657675 0.041284 0.008899 0.007706
3 0.282814 0.017064 0.021135 0.010642
3 0.651696 0.074495 0.010845 0.008073
3 0.646135 0.111560 0.009733 0.006606
3 0.580367 0.042569 0.012792 0.005872
3 0.368604 0.037248 0.019188 0.010642
3 0.350389 0.016697 0.016129 0.006239
3 0.482620 0.053028 0.014182 0.005505
3 0.464961 0.053394 0.015573 0.008440
3 0.367909 0.030826 0.015017 0.008807
3 0.283231 0.031560 0.018076 0.013211
3 0.650028 0.090459 0.009733 0.006972
3 0.481646 0.048257 0.010011 0.007706
3 0.369021 0.024037 0.015573 0.007706
3 0.233871 0.022936 0.024472 0.010642
3 0.653643 0.068624 0.010289 0.005872
3 0.573693 0.069541 0.009455 0.004771
3 0.560623 0.071193 0.010567 0.006606
3 0.462458 0.073028 0.014461 0.007339
3 0.763348 0.023853 0.016685 0.008073
3 0.198693 0.060550 0.020857 0.011009
3 0.204811 0.023853 0.024750 0.011743
3 0.661429 0.022018 0.010289 0.006606
3 0.477892 0.072477 0.010845 0.006239
3 0.347052 0.032294 0.017798 0.008073
3 0.342186 0.068991 0.016963 0.006606
3 0.271691 0.086972 0.019466 0.009541
3 0.351224 0.010642 0.016685 0.008073
3 0.297692 0.071927 0.020857 0.011743
3 0.573415 0.075596 0.012236 0.010275
3 0.659622 0.029358 0.011680 0.007339
3 0.468854 0.037798 0.010567 0.005872
3 0.471357 0.113578 0.012792 0.006972
3 0.345106 0.044954 0.017241 0.009908
3 0.298248 0.066239 0.023081 0.010642
3 0.483732 0.040183 0.013626 0.006239
3 0.455367 0.099266 0.015851 0.006972
3 0.650723 0.083670 0.008343 0.004404
3 0.648081 0.095596 0.010845 0.006239
3 0.473443 0.014312 0.013070 0.005872
3 0.227197 0.049174 0.022247 0.012477
3 0.578977 0.052294 0.016685 0.010642
3 0.274889 0.063853 0.020300 0.010275
3 0.657397 0.048073 0.010011 0.005138
3 0.562013 0.057064 0.009455 0.006972
3 0.457036 0.091376 0.014182 0.007339
3 0.360261 0.076514 0.019188 0.009908
3 0.659066 0.036330 0.011123 0.005138
3 0.472887 0.105138 0.016407 0.007706
3 0.303393 0.042202 0.018354 0.008807
3 0.617214 0.086606 0.010845 0.007339
3 0.486374 0.035046 0.016685 0.008440
3 0.274333 0.071193 0.020300 0.011009
3 0.647108 0.101651 0.010011 0.007339
3 0.337875 0.084587 0.020022 0.009908
3 0.360679 0.083853 0.019466 0.007706
3 0.461207 0.087339 0.009733 0.005138
3 0.345106 0.063119 0.012236 0.007339
3 0.355256 0.100734 0.014739 0.009908
3 0.488737 0.022385 0.013070 0.007339
3 0.297692 0.058899 0.016963 0.006972
3 0.575362 0.066239 0.011680 0.006972
3 0.488042 0.015046 0.012792 0.008807
3 0.482481 0.066239 0.018354 0.008440
3 0.294216 0.077248 0.016129 0.009174
3 0.643632 0.117064 0.011402 0.006606
3 0.355534 0.094128 0.013070 0.006972
3 0.475389 0.088440 0.015295 0.008073
3 0.560901 0.062569 0.012792 0.008440
3 0.363459 0.071009 0.019466 0.009908
3 0.361096 0.064771 0.016963 0.007706
3 0.369855 0.018899 0.017798 0.009908
3 0.234705 0.015963 0.023359 0.009174
