3 0.594549 0.917278 0.006674 0.013573
3 0.553115 0.897285 0.005562 0.013206
3 0.561318 0.898019 0.006952 0.015407
3 0.290740 0.966618 0.015295 0.005869
3 0.145439 0.905723 0.006674 0.011739
3 0.214822 0.961482 0.010289 0.006603
3 0.290601 0.977439 0.016129 0.008437
3 0.546301 0.905539 0.005284 0.011372
3 0.554922 0.983492 0.013626 0.005869
3 0.619160 0.912509 0.008065 0.020910
3 0.606090 0.920580 0.006396 0.012839
3 0.196051 0.969002 0.021691 0.009171
3 0.566602 0.984409 0.008621 0.005503
3 0.291018 0.975238 0.016963 0.009905
3 0.689377 0.922414 0.005006 0.012106
3 0.583565 0.915444 0.005284 0.009905
3 0.150028 0.906640 0.008065 0.012839
3 0.626808 0.911592 0.007786 0.021277
3 0.611374 0.919663 0.004171 0.013940
3 0.220801 0.955979 0.016685 0.010271
3 0.614294 0.979824 0.010567 0.005869
3 0.613320 0.985326 0.009733 0.005869
3 0.601224 0.986244 0.012236 0.006236
3 0.602197 0.977623 0.010845 0.007337
3 0.613598 0.992113 0.009733 0.006236
3 0.683676 0.995048 0.004727 0.006236
3 0.567436 0.971203 0.006952 0.006236
3 0.505701 0.984593 0.011958 0.008804
3 0.520996 0.978540 0.011958 0.008437
3 0.506257 0.975972 0.014182 0.009171
3 0.522525 0.973771 0.011680 0.008437
3 0.524472 0.962399 0.011680 0.009905
3 0.472608 0.976706 0.014739 0.010638
3 0.556313 0.969002 0.012514 0.008437
3 0.554366 0.976522 0.013070 0.007337
3 0.555895 0.973404 0.008899 0.005503
3 0.338710 0.973771 0.013904 0.007704
3 0.291018 0.961115 0.018076 0.011005
3 0.269883 0.978173 0.018632 0.010638
3 0.417686 0.976889 0.010567 0.005869
3 0.417269 0.971387 0.009733 0.008070
3 0.418660 0.980741 0.014739 0.009171
3 0.415740 0.986427 0.011680 0.008804
3 0.401279 0.973588 0.013904 0.006603
3 0.402253 0.968452 0.014182 0.007337
3 0.399333 0.990279 0.013348 0.006236
3 0.354978 0.981842 0.016407 0.008437
3 0.355117 0.971020 0.015573 0.006603
3 0.357341 0.965884 0.015573 0.008070
3 0.280590 0.953228 0.007230 0.007704
3 0.142102 0.948459 0.012792 0.005503
3 0.144466 0.937087 0.009733 0.005503
3 0.143910 0.942773 0.011958 0.006603
3 0.211485 0.980924 0.009177 0.005136
3 0.215100 0.972120 0.014739 0.011005
3 0.139600 0.970470 0.012236 0.006970
3 0.694383 0.960748 0.005562 0.011739
3 0.687430 0.960565 0.006118 0.012106
3 0.633343 0.950293 0.006952 0.015040
3 0.607202 0.945525 0.005840 0.010638
3 0.600945 0.945341 0.007230 0.012472
3 0.568966 0.898386 0.009455 0.015407
3 0.558398 0.910675 0.004449 0.009171
3 0.562291 0.911775 0.003893 0.008437
3 0.565489 0.911225 0.003615 0.007337
3 0.568826 0.912876 0.004171 0.009171
3 0.571607 0.915444 0.004171 0.008437
3 0.575779 0.915077 0.004171 0.009905
3 0.579255 0.915627 0.003893 0.007337
3 0.539905 0.891599 0.006396 0.013573
3 0.643632 0.926266 0.004171 0.008804
3 0.635011 0.923514 0.006396 0.008437
3 0.552976 0.937271 0.004171 0.008070
3 0.559093 0.937638 0.003615 0.006603
3 0.685623 0.989362 0.003615 0.006603
3 0.353726 0.975972 0.014461 0.006970
3 0.192436 0.974505 0.025028 0.009905
3 0.191602 0.982025 0.021691 0.010271
3 0.170467 0.920580 0.006118 0.003302
3 0.171440 0.922964 0.005840 0.004402
3 0.708009 0.964600 0.005006 0.011372
3 0.702030 0.962216 0.005840 0.007337
3 0.653782 0.954329 0.005562 0.012839
3 0.626808 0.949927 0.007230 0.016508
3 0.614155 0.945525 0.006396 0.015774
3 0.610818 0.905906 0.006396 0.014307
3 0.604422 0.905906 0.009177 0.024578
3 0.597191 0.902788 0.008621 0.014674
3 0.546440 0.894167 0.005562 0.009171
3 0.539488 0.904439 0.007230 0.013573
3 0.635011 0.911592 0.006396 0.016141
3 0.649472 0.914710 0.008065 0.015774
3 0.646552 0.954512 0.006118 0.013206
3 0.640156 0.953045 0.005562 0.010271
3 0.594132 0.943690 0.005284 0.009905
3 0.572859 0.939472 0.004449 0.008070
3 0.569522 0.939105 0.003893 0.007337
3 0.565907 0.938555 0.003337 0.006970
3 0.556174 0.937271 0.003337 0.007337
3 0.563404 0.938188 0.003893 0.006970
3 0.780590 0.933236 0.013904 0.035216
3 0.732620 0.918195 0.014182 0.033015
3 0.600528 0.993030 0.008621 0.007337
3 0.519049 0.995231 0.014182 0.009538
3 0.508065 0.968269 0.012792 0.009171
3 0.415044 0.993213 0.013626 0.009171
3 0.574666 0.903155 0.007508 0.017608
3 0.641546 0.914894 0.008343 0.016875
3 0.682425 0.920580 0.006674 0.015774
3 0.694800 0.934153 0.008621 0.019442
3 0.153643 0.918379 0.018076 0.007704
3 0.581201 0.902605 0.006674 0.017975
3 0.204672 0.944424 0.016685 0.006236
3 0.552697 0.909758 0.004727 0.010271
3 0.201057 0.951944 0.018910 0.008070
3 0.122914 0.934519 0.027809 0.015040
3 0.675195 0.919479 0.006674 0.018709
3 0.589822 0.904072 0.009455 0.023111
3 0.291852 0.981658 0.021969 0.009538
3 0.119438 0.953045 0.031424 0.012472
3 0.401140 0.978540 0.014182 0.007704
3 0.398776 0.984043 0.015017 0.008437
3 0.141407 0.963500 0.013070 0.006970
3 0.503337 0.990829 0.013348 0.011005
3 0.522664 0.966434 0.011958 0.009171
3 0.746941 0.996332 0.017798 0.007337
3 0.340795 0.958731 0.011958 0.006970
3 0.564655 0.995415 0.011958 0.006970
3 0.195495 0.968452 0.018910 0.009538
3 0.220523 0.957997 0.021135 0.013573
3 0.143493 0.956163 0.013904 0.009905
3 0.291157 0.967535 0.016685 0.009171
3 0.646413 0.988628 0.009733 0.006603
3 0.340517 0.968085 0.011402 0.008070
3 0.294216 0.949560 0.015017 0.006970
3 0.265851 0.985510 0.024472 0.008437
3 0.455228 0.988995 0.012792 0.006603
3 0.221496 0.949010 0.016407 0.008804
3 0.273220 0.965334 0.015295 0.007704
3 0.471218 0.987528 0.014739 0.010271
3 0.336763 0.980191 0.014461 0.009538
3 0.201335 0.944057 0.020022 0.009171
3 0.454672 0.983492 0.013904 0.006603
3 0.292825 0.954696 0.015573 0.006236
3 0.145996 0.932869 0.012236 0.005136
3 0.148915 0.925715 0.014739 0.008437
3 0.197303 0.959648 0.019744 0.008804
3 0.553115 0.985326 0.010567 0.004402
3 0.567436 0.980558 0.009177 0.007337
3 0.351363 0.988995 0.015851 0.007337
3 0.567714 0.984226 0.011402 0.006603
3 0.215239 0.988811 0.023359 0.009905
3 0.200501 0.949010 0.020022 0.010271
3 0.565768 0.987344 0.010289 0.006970
3 0.748053 0.988445 0.017798 0.012839
3 0.275584 0.958547 0.012236 0.006603
3 0.552697 0.989545 0.011958 0.007704
3 0.645578 0.992296 0.010289 0.005136
3 0.334260 0.985877 0.016129 0.007704
