0 0.171715 0.674557 0.006008 0.003253
0 0.167334 0.679256 0.005757 0.003253
0 0.160075 0.680701 0.007259 0.003253
0 0.154568 0.680159 0.005757 0.004337
0 0.163079 0.676545 0.007259 0.003614
0 0.165332 0.670582 0.006258 0.003253
0 0.229537 0.697145 0.004005 0.007228
0 0.227409 0.705457 0.006258 0.005782
0 0.174593 0.684134 0.006258 0.004337
0 0.526158 0.888688 0.015519 0.015179
0 0.657196 0.775027 0.009762 0.011926
0 0.677096 0.772136 0.021026 0.018432
0 0.757572 0.700036 0.033292 0.025298
0 0.544305 0.927358 0.026783 0.015179
0 0.876220 0.875497 0.167459 0.089989
0 0.667334 0.957897 0.185732 0.084207
0 0.923655 0.713589 0.152691 0.087098
0 0.765207 0.782074 0.116646 0.057102
0 0.754568 0.792736 0.116896 0.054572
0 0.731915 0.800506 0.110138 0.052042
0 0.726658 0.813878 0.111139 0.052765
0 0.722278 0.826166 0.110388 0.053488
0 0.717397 0.861222 0.109136 0.054210
0 0.888986 0.926816 0.133917 0.059631
3 0.172716 0.669678 0.004005 0.006505
3 0.165957 0.673112 0.008511 0.003975
