0 0.639837 0.330726 0.015033 0.015019
0 0.779205 0.362171 0.020670 0.020338
0 0.457877 0.369994 0.031319 0.026596
0 0.624021 0.181008 0.005324 0.013454
0 0.613216 0.424437 0.157845 0.130476
0 0.545725 0.248123 0.099280 0.078849
0 0.642499 0.206352 0.031632 0.009074
0 0.427811 0.341834 0.020044 0.020964
3 0.643752 0.174750 0.009082 0.004068
0 0.485750 0.309919 0.041340 0.032228
0 0.628562 0.179599 0.005637 0.015019
0 0.643282 0.196652 0.035077 0.011577
4 0.525838 0.341677 0.037582 0.031289
0 0.645318 0.187109 0.032258 0.011264
0 0.450360 0.374374 0.031945 0.029099
0 0.702318 0.171464 0.022236 0.009387
0 0.422487 0.346058 0.026934 0.025657
