3 0.377103 0.734652 0.004463 0.004120
0 0.372640 0.748249 0.003776 0.003296
0 0.297803 0.706634 0.003776 0.004120
0 0.440096 0.748043 0.004119 0.004532
3 0.274631 0.706634 0.003433 0.001648
3 0.343632 0.755665 0.002746 0.001648
3 0.199451 0.925010 0.003433 0.004944
3 0.257295 0.727235 0.002403 0.001648
3 0.221250 0.677792 0.004463 0.003296
3 0.322348 0.724557 0.002746 0.003708
3 0.298146 0.707458 0.003776 0.002472
3 0.456059 0.686856 0.003776 0.004944
3 0.370237 0.754841 0.002403 0.002472
3 0.397528 0.960239 0.002746 0.003708
3 0.447992 0.671817 0.005493 0.003708
3 0.408514 0.753811 0.002746 0.002884
3 0.465499 0.834981 0.003433 0.003708
3 0.372983 0.748661 0.003090 0.002472
3 0.377274 0.735064 0.002060 0.001648
3 0.459320 0.977750 0.006179 0.004944
