0 0.546796 0.056641 0.035308 0.090687
3 0.765659 0.024885 0.015478 0.028397
0 0.992745 0.486260 0.014510 0.011908
4 0.988513 0.432824 0.020073 0.013130
4 0.987545 0.442595 0.018138 0.005802
3 0.174002 0.433740 0.003628 0.002137
0 0.531923 0.488092 0.013785 0.040000
3 0.140266 0.430840 0.003386 0.004275
3 0.181499 0.428550 0.004595 0.002748
3 0.177630 0.432214 0.005079 0.002748
3 0.375937 0.106718 0.002660 0.003969
0 0.352600 0.469466 0.029504 0.045496
3 0.222491 0.103969 0.004353 0.005191
3 0.218017 0.103817 0.003144 0.005496
3 0.341475 0.019695 0.001935 0.004580
3 0.340024 0.026107 0.002418 0.005191
3 0.348609 0.115573 0.004111 0.010687
3 0.352237 0.115115 0.004111 0.011603
0 0.360943 0.109618 0.007013 0.025038
3 0.380653 0.110076 0.009674 0.004580
0 0.418622 0.116794 0.020314 0.024122
0 0.453083 0.130076 0.009432 0.021374
0 0.588029 0.125802 0.035067 0.064733
0 0.602418 0.110382 0.006288 0.021679
0 0.844135 0.123817 0.041354 0.084580
3 0.352600 0.911908 0.004353 0.002137
3 0.963845 0.843359 0.005562 0.003053
0 0.280895 0.576794 0.007013 0.009771
0 0.363603 0.499847 0.013785 0.023206
0 0.361064 0.527786 0.002902 0.005191
0 0.509915 0.490382 0.013785 0.040305
0 0.686941 0.497710 0.026360 0.034809
4 0.357437 0.496336 0.005320 0.013740
3 0.473640 0.598931 0.010399 0.025954
3 0.481741 0.580000 0.007739 0.021679
3 0.471342 0.608244 0.004353 0.006107
3 0.156711 0.442595 0.003869 0.003359
3 0.470979 0.579084 0.005079 0.013130
3 0.490206 0.577405 0.009190 0.021374
3 0.463482 0.534656 0.005562 0.010992
3 0.470133 0.527176 0.007739 0.021069
3 0.479202 0.528702 0.007981 0.021069
3 0.494559 0.527634 0.008222 0.022595
3 0.615719 0.565344 0.007739 0.013740
3 0.502418 0.523969 0.008948 0.025649
0 0.568440 0.488702 0.013301 0.041832
3 0.593591 0.545344 0.017170 0.008550
3 0.548730 0.547176 0.025151 0.010382
3 0.182709 0.047176 0.005079 0.002748
3 0.188513 0.059084 0.005562 0.002748
3 0.064692 0.036794 0.005079 0.011298
3 0.346191 0.044885 0.003628 0.007939
3 0.361306 0.092214 0.004353 0.009160
3 0.354776 0.090992 0.003386 0.006718
3 0.339541 0.091145 0.003386 0.005191
3 0.350544 0.091145 0.002660 0.006412
3 0.342201 0.090992 0.002902 0.005496
3 0.345103 0.090992 0.002418 0.006107
3 0.348368 0.090840 0.002177 0.005802
3 0.355744 0.113282 0.003386 0.015878
3 0.366264 0.120000 0.005079 0.010382
4 0.380048 0.117405 0.009432 0.006412
3 0.382709 0.114351 0.010883 0.004580
3 0.376300 0.093282 0.001935 0.003969
3 0.378718 0.099084 0.006288 0.002748
0 0.442563 0.100305 0.011125 0.013130
0 0.440992 0.123817 0.024426 0.035725
0 0.579565 0.129313 0.020556 0.031450
0 0.624184 0.135725 0.026119 0.096794
0 0.660701 0.132366 0.031439 0.139542
0 0.642322 0.147023 0.026602 0.116947
0 0.678114 0.210076 0.035308 0.009160
3 0.683918 0.215725 0.013543 0.004580
0 0.731923 0.118321 0.038452 0.101679
0 0.817533 0.121985 0.095042 0.178015
4 0.918017 0.062137 0.034341 0.062595
4 0.387545 0.523359 0.012817 0.021374
4 0.397340 0.516794 0.006288 0.012519
3 0.405320 0.498015 0.009190 0.022595
0 0.419589 0.509466 0.008222 0.014962
0 0.424426 0.507786 0.010157 0.023206
0 0.429504 0.496336 0.014027 0.046718
0 0.440629 0.498321 0.014027 0.039695
0 0.453688 0.504733 0.009190 0.021374
4 0.461911 0.500305 0.011125 0.032061
0 0.469770 0.503053 0.008464 0.025954
0 0.498670 0.490229 0.010157 0.038779
0 0.588755 0.468092 0.028295 0.078168
0 0.601693 0.458626 0.032890 0.099542
4 0.617533 0.466718 0.009432 0.026565
4 0.626844 0.470382 0.007739 0.023511
0 0.670979 0.501221 0.012817 0.018015
4 0.803144 0.499389 0.013543 0.008244
4 0.816203 0.501069 0.012576 0.009160
0 0.810157 0.509160 0.029988 0.018015
0 0.551391 0.554809 0.019831 0.008550
3 0.178356 0.425802 0.003144 0.003969
3 0.536397 0.558168 0.009674 0.004275
3 0.953325 0.844122 0.005320 0.004580
3 0.894800 0.583664 0.003869 0.006412
3 0.625877 0.554656 0.007739 0.012519
4 0.531923 0.577099 0.021040 0.009160
0 0.487062 0.493282 0.011125 0.041221
0 0.608585 0.519084 0.019589 0.010382
0 0.624667 0.498321 0.009190 0.030534
4 0.611971 0.542137 0.018622 0.005802
3 0.612696 0.550076 0.019105 0.006412
0 0.807618 0.520763 0.035067 0.014351
3 0.802539 0.530840 0.008464 0.013740
4 0.775212 0.476794 0.033615 0.018015
0 0.369045 0.478931 0.014994 0.022290
0 0.296372 0.430992 0.023942 0.054046
4 0.409553 0.531603 0.007013 0.013435
0 0.521765 0.489618 0.011850 0.038779
0 0.184643 0.407481 0.005562 0.008855
3 0.594559 0.553588 0.020556 0.006718
3 0.622370 0.560153 0.009915 0.018626
3 0.761064 0.901374 0.005320 0.003664
0 0.517533 0.115420 0.016929 0.011603
0 0.521040 0.067023 0.026360 0.085802
0 0.903265 0.077405 0.022249 0.042443
0 0.545586 0.470076 0.024184 0.076641
0 0.697340 0.515420 0.010399 0.009160
0 0.700967 0.504580 0.051028 0.033893
3 0.378960 0.522595 0.014510 0.018626
3 0.573519 0.561679 0.017654 0.011908
3 0.365659 0.520305 0.006288 0.015878
