0 0.491900 0.084122 0.090667 0.168244
0 0.550048 0.050229 0.056576 0.100458
3 0.010517 0.715115 0.021035 0.007328
0 0.015957 0.565344 0.031915 0.094351
0 0.014144 0.754351 0.028288 0.012519
0 0.007858 0.769313 0.015716 0.014351
0 0.121132 0.721527 0.009188 0.021985
0 0.203337 0.836489 0.019826 0.010076
3 0.156190 0.797405 0.016925 0.007023
3 0.450435 0.586107 0.005319 0.004580
0 0.197171 0.841221 0.024420 0.014656
0 0.125846 0.836489 0.039894 0.020458
0 0.071325 0.847786 0.035300 0.029618
0 0.100822 0.883206 0.046422 0.026565
0 0.071688 0.863053 0.015716 0.013740
0 0.110856 0.595420 0.028772 0.045191
0 0.149662 0.710840 0.028046 0.009771
0 0.187258 0.670992 0.016683 0.005191
0 0.240571 0.856031 0.035783 0.010076
0 0.077128 0.876031 0.010638 0.015878
0 0.223767 0.667939 0.019584 0.009466
3 0.045938 0.704733 0.057544 0.015878
0 0.176136 0.823206 0.022002 0.012214
0 0.237548 0.836947 0.033607 0.009160
0 0.237307 0.846260 0.032640 0.010687
0 0.234284 0.863817 0.041103 0.006718
0 0.143013 0.807634 0.048598 0.031145
0 0.206359 0.831145 0.017650 0.010992
0 0.068182 0.868244 0.014507 0.011908
0 0.169729 0.857557 0.045938 0.019847
3 0.025266 0.716794 0.014749 0.004580
0 0.128627 0.820153 0.033849 0.015878
0 0.160421 0.884427 0.034091 0.016183
0 0.174444 0.703511 0.036025 0.012214
0 0.179763 0.713740 0.033607 0.010076
0 0.163926 0.671908 0.030948 0.010076
0 0.097316 0.669008 0.018617 0.020153
0 0.029497 0.647176 0.023211 0.008855
0 0.028530 0.654046 0.024178 0.007939
3 0.073017 0.692366 0.011122 0.005191
4 0.132132 0.758168 0.018133 0.006107
4 0.139990 0.754809 0.012573 0.004885
3 0.104932 0.621985 0.013540 0.006107
0 0.040861 0.567176 0.021277 0.074809
0 0.225943 0.909618 0.039894 0.011603
0 0.095624 0.603359 0.009913 0.025649
0 0.239362 0.872672 0.033366 0.007939
0 0.222921 0.918779 0.040619 0.014046
0 0.135155 0.876031 0.010638 0.025038
0 0.142287 0.876336 0.011364 0.026870
0 0.170455 0.866107 0.029014 0.013130
0 0.113032 0.739237 0.038443 0.012214
3 0.187863 0.675573 0.013540 0.004580
0 0.176378 0.848244 0.055851 0.026870
0 0.179038 0.815420 0.017650 0.010076
0 0.163926 0.873130 0.024178 0.007023
4 0.141804 0.792519 0.012331 0.008244
0 0.083777 0.602748 0.019101 0.024427
4 0.137935 0.592519 0.022969 0.044885
0 0.160904 0.896489 0.054400 0.012214
4 0.117142 0.849618 0.064072 0.027176
3 0.156794 0.792672 0.014265 0.012214
0 0.239120 0.828855 0.029014 0.008855
3 0.051257 0.724427 0.048839 0.014962
3 0.049927 0.684885 0.039410 0.010992
3 0.055488 0.669313 0.057302 0.012824
3 0.115329 0.645496 0.014507 0.047634
0 0.182544 0.739847 0.099130 0.023817
0 0.239241 0.653740 0.185445 0.028092
0 0.060566 0.560153 0.022485 0.099237
0 0.219415 0.624427 0.147244 0.029313
