0 0.544477 0.008244 0.010877 0.016489
0 0.376722 0.015878 0.021997 0.031756
0 0.048949 0.416641 0.078076 0.017405
0 0.720087 0.217863 0.020788 0.017405
3 0.624124 0.129160 0.009669 0.011603
0 0.218878 0.131603 0.015712 0.030534
3 0.619773 0.167481 0.015470 0.007634
3 0.814117 0.994656 0.010636 0.008855
0 0.693014 0.203053 0.027556 0.012214
0 0.569978 0.276031 0.046410 0.029313
0 0.557288 0.261527 0.047619 0.018015
0 0.598985 0.269313 0.028523 0.047634
0 0.552816 0.250992 0.012569 0.011603
0 0.750665 0.225649 0.076142 0.086718
0 0.736403 0.230076 0.009911 0.011298
0 0.150713 0.014046 0.029732 0.012824
0 0.563331 0.679237 0.041818 0.073588
0 0.657481 0.532824 0.072516 0.205191
