3 0.194753 0.596183 0.006528 0.002748
3 0.195721 0.594046 0.005077 0.002137
3 0.190280 0.611603 0.006286 0.003053
3 0.189434 0.614809 0.006044 0.003969
3 0.222558 0.503664 0.004594 0.003359
0 0.582930 0.611603 0.009188 0.015267
3 0.194270 0.598779 0.005077 0.003053
3 0.213370 0.534351 0.007979 0.003053
3 0.250363 0.513893 0.002660 0.005496
3 0.201161 0.578779 0.007253 0.004580
3 0.264628 0.516947 0.003627 0.004885
3 0.242142 0.512061 0.003143 0.007328
3 0.201040 0.582443 0.010397 0.004580
3 0.213854 0.531145 0.004594 0.003359
3 0.236823 0.509160 0.002176 0.005191
3 0.248670 0.512519 0.002176 0.005191
3 0.259792 0.515267 0.003143 0.005191
3 0.231020 0.507939 0.002660 0.004580
3 0.246494 0.512214 0.002176 0.005191
3 0.266925 0.517252 0.001934 0.004885
3 0.221470 0.507481 0.005319 0.002443
3 0.219536 0.512214 0.004836 0.002748
0 0.363757 0.741679 0.012331 0.018931
3 0.219415 0.514809 0.005077 0.003053
3 0.177708 0.568397 0.006770 0.003969
3 0.253989 0.514656 0.002660 0.004580
3 0.191248 0.604122 0.004836 0.002137
3 0.330392 0.492672 0.005077 0.012519
3 0.238878 0.510229 0.002901 0.006718
3 0.218327 0.523053 0.009671 0.003664
3 0.190522 0.607786 0.004836 0.002748
3 0.184236 0.544275 0.004836 0.002748
3 0.243835 0.511908 0.003627 0.005191
3 0.269947 0.517710 0.002660 0.004580
3 0.220261 0.510687 0.005319 0.002748
3 0.235010 0.508702 0.001934 0.004275
3 0.220140 0.518321 0.006528 0.002748
3 0.755198 0.290534 0.007979 0.005191
3 0.173477 0.578473 0.010397 0.004580
3 0.177345 0.583053 0.003627 0.005191
4 0.300048 0.662595 0.016925 0.009160
0 0.202490 0.672519 0.020068 0.008855
0 0.205875 0.666260 0.041828 0.020763
0 0.209018 0.655725 0.040377 0.021679
0 0.212403 0.647634 0.049565 0.022595
0 0.244318 0.655115 0.014749 0.009466
0 0.245527 0.662290 0.019584 0.012214
0 0.270793 0.664733 0.020309 0.013435
0 0.350218 0.674046 0.019101 0.013130
0 0.471833 0.576641 0.046663 0.106565
0 0.498791 0.573435 0.035783 0.087939
0 0.522485 0.585802 0.034816 0.096183
0 0.465546 0.898321 0.022485 0.057405
0 0.804521 0.887481 0.080513 0.187176
0 0.928312 0.905954 0.056818 0.155115
0 0.545938 0.664580 0.039652 0.085191
3 0.238515 0.471603 0.002660 0.005802
3 0.240571 0.473588 0.003385 0.007939
3 0.246857 0.475573 0.003868 0.008244
3 0.250121 0.476031 0.003627 0.008550
3 0.253506 0.478015 0.004594 0.010076
3 0.257012 0.477252 0.003385 0.007939
3 0.261364 0.477557 0.004352 0.007328
3 0.264144 0.478015 0.003627 0.007023
3 0.266683 0.477557 0.003385 0.004885
3 0.272123 0.481221 0.004594 0.009160
3 0.275145 0.480611 0.003868 0.007939
3 0.229086 0.481374 0.005561 0.003969
3 0.229691 0.479389 0.005803 0.003053
3 0.229811 0.477557 0.005077 0.003053
3 0.230053 0.474809 0.005077 0.002443
3 0.230658 0.472824 0.004352 0.003359
3 0.227998 0.485954 0.006286 0.003969
3 0.227152 0.487176 0.005561 0.002748
3 0.226789 0.489466 0.005803 0.003053
3 0.226306 0.491756 0.005803 0.003969
3 0.319995 0.490382 0.005561 0.011603
3 0.397365 0.509466 0.007012 0.021069
3 0.343810 0.497252 0.006286 0.015573
3 0.435324 0.531145 0.008946 0.006412
3 0.429521 0.555878 0.010397 0.004580
3 0.286146 0.565496 0.005077 0.009771
4 0.202490 0.564580 0.007012 0.014046
3 0.163926 0.628550 0.003868 0.007023
3 0.162718 0.616489 0.008704 0.004885
3 0.163926 0.612824 0.007253 0.003664
3 0.164531 0.609771 0.007979 0.004885
3 0.165740 0.605802 0.006044 0.003053
3 0.167432 0.598015 0.013298 0.006412
3 0.169125 0.593588 0.011364 0.006107
3 0.171301 0.589160 0.007979 0.004580
3 0.171059 0.584733 0.009913 0.004885
3 0.172026 0.582137 0.008462 0.005191
0 0.194028 0.629313 0.020068 0.012214
3 0.219898 0.638168 0.020551 0.009771
3 0.223888 0.633435 0.017408 0.009466
4 0.244802 0.642901 0.016199 0.007023
4 0.243230 0.646870 0.013056 0.007023
4 0.256407 0.649924 0.012331 0.005802
0 0.269463 0.653588 0.014749 0.007634
3 0.287838 0.655420 0.012814 0.008855
3 0.291103 0.653130 0.005803 0.003664
3 0.284937 0.658626 0.011847 0.006107
0 0.314434 0.693588 0.075677 0.029008
0 0.304400 0.701527 0.063346 0.025954
0 0.302950 0.712214 0.052708 0.022901
0 0.328095 0.661679 0.036750 0.016489
0 0.326402 0.670076 0.031915 0.015573
0 0.406673 0.573893 0.015474 0.024122
0 0.415498 0.575573 0.018617 0.032366
0 0.425653 0.574198 0.015716 0.024733
3 0.419246 0.606260 0.004836 0.003969
3 0.548356 0.835573 0.012573 0.008244
0 0.535058 0.829313 0.012089 0.007939
0 0.475701 0.898015 0.024903 0.061069
0 0.615691 0.852366 0.083897 0.189008
0 0.646518 0.821069 0.024662 0.056183
0 0.682302 0.835267 0.082689 0.171298
0 0.885155 0.797405 0.011122 0.007023
0 0.867384 0.804580 0.012331 0.007939
3 0.938467 0.789313 0.011364 0.007328
0 0.485977 0.817557 0.033849 0.076031
0 0.497582 0.819695 0.036267 0.077252
0 0.516562 0.739389 0.018133 0.037557
0 0.525024 0.743053 0.013298 0.028397
3 0.804038 0.656794 0.004110 0.006718
3 0.426862 0.498015 0.004594 0.009771
3 0.422993 0.492824 0.003627 0.003053
3 0.236702 0.471450 0.002418 0.004885
3 0.222437 0.494962 0.002418 0.004275
3 0.223283 0.499542 0.004110 0.003053
3 0.229449 0.498473 0.002418 0.005191
3 0.231020 0.499542 0.002660 0.004885
3 0.233559 0.499389 0.003385 0.005191
3 0.235977 0.500153 0.003385 0.005496
3 0.239241 0.501221 0.003143 0.004580
3 0.241538 0.501527 0.003385 0.005191
3 0.244318 0.501069 0.003627 0.007328
3 0.246615 0.502595 0.003385 0.005496
3 0.249275 0.504122 0.002418 0.004275
3 0.251209 0.505191 0.001934 0.004580
3 0.253506 0.503664 0.003627 0.006412
3 0.256165 0.504733 0.003627 0.006107
3 0.264990 0.507939 0.003385 0.003969
3 0.263298 0.506718 0.003868 0.005191
3 0.272606 0.512824 0.005561 0.003359
3 0.286630 0.484275 0.007012 0.013435
3 0.292432 0.484275 0.004594 0.009771
3 0.296422 0.485191 0.005319 0.009771
3 0.300290 0.486107 0.004836 0.009160
3 0.310203 0.487481 0.004836 0.009466
3 0.313346 0.487328 0.002901 0.006718
3 0.334865 0.494656 0.006770 0.014656
3 0.375000 0.501069 0.005319 0.010992
3 0.410421 0.507786 0.006044 0.012214
3 0.414168 0.508244 0.006286 0.011908
3 0.419246 0.509008 0.005803 0.010382
3 0.339338 0.497710 0.007012 0.018931
3 0.348042 0.497405 0.007012 0.015267
3 0.352394 0.498779 0.006528 0.015573
3 0.357350 0.499542 0.005803 0.015878
3 0.364724 0.500305 0.005561 0.013740
3 0.369802 0.503664 0.007012 0.018626
4 0.439555 0.512519 0.005319 0.009466
3 0.443786 0.516031 0.009429 0.018321
3 0.442094 0.530382 0.003627 0.007939
3 0.433994 0.539542 0.011605 0.006718
3 0.431818 0.546107 0.011605 0.006412
3 0.427708 0.551756 0.014507 0.006718
3 0.216997 0.545954 0.003143 0.005496
3 0.224734 0.547023 0.005077 0.007634
3 0.230053 0.547328 0.005077 0.010076
4 0.234163 0.546870 0.006044 0.011603
3 0.241900 0.550534 0.006044 0.010992
3 0.244802 0.552214 0.004594 0.009466
3 0.247220 0.552977 0.004594 0.009160
3 0.249758 0.554351 0.003868 0.007634
3 0.253022 0.554046 0.005561 0.010076
3 0.257374 0.553588 0.006528 0.012214
3 0.259913 0.556031 0.005319 0.010992
3 0.262935 0.557405 0.004594 0.010687
3 0.268738 0.558626 0.005077 0.010076
3 0.271760 0.559695 0.004836 0.009771
3 0.275266 0.559389 0.006528 0.013435
3 0.278772 0.561832 0.005803 0.010992
3 0.282761 0.563053 0.005561 0.010382
3 0.288806 0.566260 0.005077 0.007634
3 0.291949 0.566260 0.005561 0.010076
3 0.295575 0.565802 0.007012 0.012824
3 0.297751 0.569313 0.004110 0.007634
3 0.300048 0.571450 0.002418 0.005191
3 0.256165 0.570229 0.003627 0.008855
3 0.261122 0.574809 0.005803 0.012519
3 0.269584 0.575573 0.005803 0.010382
3 0.273574 0.577405 0.006044 0.010382
3 0.283607 0.582137 0.008221 0.014962
4 0.287838 0.582901 0.006044 0.014046
3 0.292191 0.586260 0.006528 0.017710
3 0.296180 0.580611 0.003385 0.005802
3 0.309720 0.588244 0.005803 0.011298
0 0.319753 0.588702 0.013298 0.007939
3 0.324105 0.583817 0.022485 0.010382
3 0.309478 0.573740 0.017892 0.010382
3 0.206480 0.553130 0.003385 0.002137
3 0.206601 0.551450 0.003627 0.002443
3 0.209260 0.554504 0.002176 0.004885
3 0.211074 0.555573 0.002418 0.005191
3 0.215426 0.556183 0.002418 0.003969
3 0.216634 0.557710 0.002901 0.005802
3 0.219294 0.558168 0.003385 0.006107
3 0.221349 0.559542 0.004594 0.007023
3 0.224130 0.560000 0.003868 0.005496
3 0.553071 0.455725 0.006044 0.005191
3 0.558873 0.465038 0.006044 0.005496
3 0.539652 0.453588 0.008221 0.003969
3 0.541828 0.456489 0.005803 0.002443
3 0.543279 0.458321 0.004836 0.002443
3 0.545817 0.460305 0.005077 0.002748
3 0.387693 0.507786 0.008462 0.021985
0 0.576644 0.561679 0.018375 0.011298
0 0.575556 0.609008 0.011847 0.028397
3 0.175653 0.572366 0.008946 0.003969
3 0.216755 0.527176 0.008462 0.004580
4 0.500484 0.298321 0.011122 0.016489
3 0.231020 0.560763 0.003627 0.005191
3 0.235251 0.563206 0.003868 0.006412
3 0.239724 0.565038 0.004594 0.006412
3 0.242142 0.567634 0.005077 0.010382
3 0.246373 0.567176 0.004836 0.007634
3 0.249637 0.569924 0.006044 0.011298
3 0.196567 0.592061 0.005803 0.003664
3 0.162113 0.622748 0.007495 0.004580
0 0.465063 0.972672 0.090667 0.054656
0 0.523211 0.981679 0.056576 0.036641
3 0.557302 0.668855 0.009188 0.016183
0 0.453699 0.572366 0.039410 0.105954
0 0.757858 0.865954 0.076161 0.180153
3 0.361219 0.498168 0.004352 0.010687
