0 0.976070 0.902901 0.008702 0.019542
3 0.981146 0.842595 0.007735 0.017405
0 0.977399 0.957252 0.014745 0.078168
0 0.301064 0.928092 0.023930 0.084580
0 0.087745 0.875420 0.012569 0.006107
0 0.567198 0.748244 0.022480 0.048550
0 0.593667 0.688397 0.014987 0.050992
3 0.929780 0.790382 0.037467 0.020458
3 0.222988 0.762748 0.010877 0.028092
4 0.077713 0.883664 0.005076 0.012214
3 0.215132 0.676641 0.005801 0.019542
3 0.224921 0.691298 0.010394 0.028092
3 0.807469 0.905344 0.025864 0.009160
0 0.545323 0.812061 0.009185 0.034504
3 0.181895 0.736183 0.008460 0.009160
3 0.080856 0.798473 0.005560 0.012824
3 0.245226 0.778626 0.008944 0.032366
3 0.063210 0.835878 0.008460 0.018626
3 0.207034 0.783359 0.007493 0.022290
3 0.802030 0.685191 0.012086 0.059237
3 0.416485 0.683817 0.009185 0.030840
3 0.446821 0.799084 0.004593 0.009160
0 0.078680 0.860153 0.006043 0.015878
3 0.468818 0.748550 0.025864 0.008855
0 0.176940 0.970840 0.034808 0.058321
3 0.434010 0.777557 0.008460 0.024122
3 0.745589 0.760763 0.009911 0.027786
3 0.762630 0.780611 0.007735 0.024122
4 0.080977 0.842137 0.003384 0.010382
3 0.412014 0.718015 0.010394 0.027786
3 0.439811 0.684733 0.007977 0.032672
0 0.816534 0.875420 0.014503 0.033588
3 0.180082 0.740458 0.007735 0.006718
0 0.563452 0.689008 0.008219 0.027176
3 0.759608 0.701832 0.006043 0.017405
0 0.654339 0.830534 0.017887 0.089771
3 0.208364 0.754809 0.009669 0.025038
0 0.837080 0.689008 0.012569 0.043053
3 0.207276 0.681985 0.007010 0.021069
0 0.297559 0.837710 0.014503 0.091298
3 0.374547 0.775420 0.006526 0.022901
0 0.831279 0.932977 0.010636 0.053435
3 0.237007 0.861832 0.015712 0.004580
0 0.319676 0.805038 0.009911 0.030840
3 0.678994 0.701679 0.002901 0.006718
3 0.382644 0.683664 0.019338 0.004885
3 0.435823 0.715725 0.010152 0.032366
3 0.745226 0.881527 0.006768 0.023817
3 0.938965 0.888244 0.012811 0.040916
3 0.832971 0.751603 0.029007 0.011298
3 0.752719 0.669008 0.007252 0.020153
3 0.212715 0.730076 0.004834 0.009160
3 0.424462 0.796183 0.019821 0.007023
3 0.212835 0.827481 0.009911 0.023206
3 0.183466 0.728550 0.008219 0.007939
0 0.043993 0.831145 0.013053 0.020763
3 0.176215 0.680611 0.007252 0.006107
3 0.746918 0.856794 0.006285 0.021374
4 0.168600 0.694198 0.022480 0.007634
3 0.685521 0.695573 0.003868 0.006107
0 0.528765 0.816183 0.022480 0.048244
3 0.229152 0.772824 0.012569 0.032977
4 0.077834 0.839237 0.005318 0.011908
3 0.226976 0.735420 0.008219 0.003359
3 0.445371 0.780000 0.009911 0.025344
3 0.398719 0.776794 0.008460 0.028092
3 0.517283 0.646870 0.010152 0.032061
3 0.496978 0.642290 0.007252 0.019847
0 0.689509 0.736336 0.018129 0.040000
3 0.105149 0.231145 0.003868 0.006107
3 0.521876 0.629618 0.005318 0.010382
0 0.048223 0.784122 0.031182 0.012214
0 0.056684 0.836031 0.010877 0.020763
0 0.903795 0.949618 0.034324 0.079389
0 0.210056 0.721985 0.016437 0.021069
0 0.629200 0.769160 0.005318 0.012824
3 0.628837 0.756641 0.004593 0.007939
0 0.811337 0.662290 0.006043 0.014656
3 0.967126 0.678168 0.010152 0.007328
3 0.770607 0.668550 0.013536 0.006412
0 0.159778 0.920000 0.014987 0.029924
0 0.159536 0.870687 0.033841 0.009466
0 0.167513 0.823053 0.023205 0.030229
0 0.168238 0.802901 0.040609 0.010076
0 0.170172 0.792061 0.037225 0.011603
0 0.594876 0.751603 0.019821 0.068092
0 0.612642 0.753130 0.022964 0.065038
3 0.210418 0.708397 0.017646 0.020153
3 0.470147 0.737863 0.025139 0.009466
0 0.438240 0.854809 0.014987 0.094351
3 0.761421 0.680611 0.008702 0.022595
4 0.081218 0.842443 0.002901 0.010382
3 0.474861 0.655725 0.012328 0.032672
4 0.185037 0.810382 0.005560 0.008550
3 0.748489 0.736947 0.006043 0.013130
0 0.682379 0.854351 0.016437 0.054351
3 0.788373 0.844275 0.005560 0.013435
0 0.517525 0.877557 0.014987 0.061069
3 0.930022 0.892214 0.009911 0.024427
0 0.050520 0.834046 0.010636 0.026565
0 0.674523 0.832061 0.017646 0.078779
3 0.383611 0.709618 0.016437 0.008550
3 0.850616 0.674198 0.004351 0.010992
0 0.717066 0.887023 0.025864 0.087328
3 0.931835 0.700153 0.016920 0.011603
3 0.225647 0.720305 0.010877 0.011603
0 0.535654 0.677252 0.012569 0.048244
0 0.693135 0.854351 0.011361 0.048244
0 0.310249 0.914809 0.006526 0.013435
3 0.761784 0.804885 0.007493 0.016489
3 0.749456 0.695878 0.012328 0.028702
0 0.315688 0.827939 0.003384 0.007023
0 0.490452 0.774962 0.007735 0.022595
4 0.188422 0.757557 0.010394 0.026870
0 0.245951 0.822748 0.012328 0.055878
3 0.741600 0.810076 0.007735 0.021985
3 0.276891 0.843664 0.007493 0.015878
3 0.834542 0.776947 0.022480 0.008855
3 0.929417 0.843664 0.017404 0.010992
3 0.187696 0.689618 0.009427 0.018626
3 0.424100 0.778779 0.008460 0.024122
3 0.834179 0.839084 0.012569 0.036031
3 0.830674 0.877557 0.010394 0.041527
3 0.936186 0.931298 0.011119 0.029924
0 0.464104 0.849313 0.026589 0.099237
3 0.921441 0.887481 0.007252 0.030229
3 0.743413 0.787176 0.009911 0.023206
3 0.831883 0.741527 0.027798 0.008244
0 0.690114 0.705344 0.016920 0.011603
3 0.949964 0.705191 0.011603 0.026565
3 0.955644 0.894046 0.008944 0.026870
3 0.669326 0.656794 0.010152 0.021985
3 0.912497 0.888092 0.008219 0.024733
0 0.064540 0.944885 0.035291 0.110229
3 0.387600 0.773588 0.015228 0.033893
0 0.678028 0.737557 0.007252 0.030840
3 0.860164 0.681221 0.008944 0.032366
0 0.567561 0.834504 0.012569 0.047023
4 0.205221 0.841832 0.006768 0.015878
0 0.205825 0.817557 0.009911 0.023511
3 0.384820 0.725496 0.011603 0.023206
0 0.682862 0.777557 0.006768 0.020458
3 0.380106 0.752672 0.011844 0.012824
0 0.735557 0.949466 0.028040 0.101069
3 0.933648 0.692977 0.023930 0.013130
0 0.962050 0.943817 0.015470 0.056794
3 0.273991 0.698015 0.013295 0.053740
0 0.364032 0.709924 0.015470 0.062290
3 0.823544 0.672977 0.012086 0.047023
3 0.935581 0.775420 0.031182 0.022901
3 0.184554 0.718931 0.011844 0.014962
3 0.257433 0.693130 0.009185 0.037863
3 0.245468 0.651298 0.010877 0.053130
3 0.182016 0.732061 0.005801 0.005802
0 0.349166 0.810992 0.029732 0.061679
3 0.771453 0.868855 0.013295 0.055267
3 0.935944 0.754809 0.034808 0.025038
3 0.278342 0.642595 0.012811 0.042443
3 0.937032 0.740000 0.033116 0.024733
3 0.779550 0.755878 0.009185 0.043053
0 0.646241 0.943969 0.026348 0.112061
4 0.853880 0.870840 0.019579 0.067176
3 0.449722 0.686565 0.011844 0.039389
3 0.929659 0.830382 0.035291 0.022290
0 0.509185 0.888855 0.004593 0.012824
3 0.228668 0.821069 0.016920 0.061069
3 0.820039 0.834656 0.008944 0.040611
3 0.261059 0.646718 0.014503 0.054351
3 0.469181 0.695115 0.011603 0.042443
0 0.461687 0.954809 0.041576 0.090382
3 0.240392 0.696641 0.011361 0.037557
0 0.724317 0.790382 0.021513 0.069313
3 0.748368 0.723511 0.004834 0.011908
0 0.637660 0.810687 0.021271 0.101374
0 0.580493 0.846565 0.006043 0.014962
0 0.588591 0.827786 0.010152 0.053740
3 0.831400 0.762748 0.031665 0.011603
3 0.922891 0.936336 0.011119 0.046107
4 0.613005 0.664733 0.010636 0.054351
3 0.783660 0.701069 0.014020 0.060458
