0 0.189147 0.773282 0.009911 0.017405
3 0.118806 0.871603 0.017646 0.047328
3 0.015228 0.723359 0.007252 0.016489
0 0.472806 0.952672 0.023689 0.048855
0 0.481750 0.940763 0.029007 0.056183
0 0.498671 0.918626 0.016920 0.034504
0 0.508098 0.947481 0.016920 0.031145
3 0.038192 0.706565 0.007735 0.018321
0 0.003747 0.876031 0.007493 0.019542
3 0.528765 0.847481 0.006526 0.003359
3 0.492507 0.802443 0.004593 0.009771
3 0.553662 0.916641 0.005560 0.004885
3 0.513416 0.902748 0.016437 0.009466
3 0.601281 0.895878 0.004593 0.008550
3 0.590283 0.898779 0.004351 0.010076
3 0.597172 0.917405 0.004109 0.010076
3 0.579043 0.931908 0.005076 0.009160
0 0.071912 0.870534 0.013778 0.039084
0 0.058859 0.820305 0.008460 0.029618
3 0.598260 0.897099 0.003868 0.008550
3 0.008219 0.815725 0.007735 0.017405
3 0.055475 0.795115 0.024897 0.031145
3 0.562243 0.868092 0.003384 0.005496
3 0.644670 0.890382 0.002417 0.004885
3 0.567803 0.832824 0.004834 0.002137
0 0.049674 0.877252 0.018613 0.076336
3 0.101039 0.933130 0.022238 0.071450
3 0.538555 0.847634 0.007252 0.003053
3 0.563935 0.867786 0.002417 0.005496
3 0.549311 0.872672 0.003142 0.004885
3 0.577230 0.862748 0.004834 0.002748
3 0.578922 0.868550 0.004351 0.002137
3 0.637418 0.910229 0.003868 0.006107
3 0.635364 0.911450 0.002175 0.005496
3 0.063573 0.734504 0.023689 0.037557
3 0.615543 0.874351 0.004109 0.006412
3 0.586053 0.863817 0.005076 0.002443
3 0.590645 0.922901 0.008460 0.010076
3 0.535654 0.823511 0.004834 0.002443
3 0.632101 0.845038 0.004834 0.002748
3 0.569495 0.855878 0.002901 0.006718
3 0.608412 0.880153 0.002901 0.004580
3 0.571429 0.894351 0.005318 0.006107
3 0.570220 0.933893 0.007252 0.010687
3 0.160745 0.724885 0.031424 0.007328
3 0.545806 0.812366 0.005318 0.002137
3 0.532511 0.828092 0.008702 0.004885
3 0.578680 0.853282 0.003868 0.006412
3 0.553420 0.862443 0.002659 0.005191
3 0.590041 0.876794 0.004834 0.002137
3 0.572637 0.915573 0.005318 0.005802
3 0.570220 0.916031 0.004351 0.004885
3 0.471960 0.853740 0.013778 0.003053
3 0.536258 0.818931 0.005076 0.003053
3 0.630771 0.836336 0.005076 0.002443
3 0.555475 0.860611 0.002901 0.004580
3 0.583756 0.885954 0.003384 0.004580
3 0.659778 0.887481 0.003626 0.006412
3 0.528402 0.843664 0.007252 0.003053
3 0.561276 0.859542 0.002417 0.004275
3 0.606599 0.880763 0.002659 0.005191
3 0.171864 0.832061 0.004834 0.012214
3 0.536621 0.814809 0.006285 0.002137
3 0.567561 0.834962 0.004351 0.002137
3 0.602006 0.826260 0.003626 0.007328
3 0.601039 0.857710 0.002175 0.005496
3 0.612159 0.878779 0.003142 0.004275
3 0.562727 0.907328 0.003384 0.003969
3 0.587020 0.924885 0.004593 0.006107
3 0.046048 0.814656 0.008460 0.020153
3 0.541939 0.834962 0.004834 0.002748
3 0.569132 0.826870 0.004109 0.001832
3 0.612400 0.827328 0.002659 0.006412
3 0.629683 0.839084 0.006285 0.003053
3 0.629321 0.852061 0.005560 0.002137
3 0.545806 0.923664 0.004834 0.004275
0 0.016558 0.918321 0.009427 0.047939
0 0.335146 0.949771 0.010877 0.054656
3 0.535412 0.821374 0.006768 0.002443
3 0.544960 0.818779 0.006043 0.002748
3 0.624970 0.829466 0.003626 0.005802
3 0.599952 0.882290 0.002417 0.004580
3 0.555596 0.911756 0.007977 0.008550
3 0.623640 0.898626 0.003384 0.004275
3 0.017646 0.770687 0.023205 0.039695
3 0.457941 0.802137 0.003142 0.006718
3 0.630529 0.833588 0.003626 0.001832
3 0.626420 0.858321 0.005560 0.003053
3 0.621707 0.868550 0.005318 0.003359
3 0.587503 0.852824 0.004109 0.004885
3 0.581097 0.875878 0.004351 0.003359
3 0.579526 0.905954 0.003142 0.004275
3 0.488881 0.801374 0.005076 0.008855
3 0.517404 0.806412 0.004593 0.006718
3 0.545323 0.814504 0.005318 0.002748
3 0.539038 0.843359 0.005318 0.002443
3 0.617476 0.826412 0.002175 0.004580
3 0.618564 0.870229 0.004834 0.005496
3 0.602731 0.880000 0.002175 0.004885
3 0.662678 0.886870 0.003142 0.007634
3 0.653009 0.885802 0.004593 0.008550
3 0.561518 0.822748 0.005318 0.002137
3 0.571066 0.816336 0.005076 0.002748
3 0.590525 0.850076 0.003384 0.007939
3 0.572154 0.855878 0.002901 0.004885
3 0.672589 0.889771 0.006043 0.002443
3 0.603336 0.910534 0.003384 0.006107
3 0.470027 0.798626 0.006526 0.007634
3 0.544356 0.820305 0.005318 0.002748
3 0.539763 0.837252 0.005801 0.003053
3 0.539763 0.839389 0.005318 0.002443
3 0.561276 0.820916 0.005318 0.002748
3 0.596568 0.825954 0.003868 0.009160
3 0.581339 0.853435 0.003868 0.005496
3 0.551245 0.862748 0.002659 0.005802
3 0.541576 0.930076 0.004593 0.004885
3 0.574329 0.912977 0.005318 0.006107
3 0.559463 0.860305 0.003626 0.005191
3 0.582185 0.887176 0.003626 0.004580
3 0.516316 0.928092 0.005318 0.002137
3 0.515349 0.926260 0.005318 0.002748
3 0.130650 0.677252 0.009427 0.020153
3 0.174523 0.821985 0.017404 0.004885
3 0.538192 0.812977 0.005076 0.002137
3 0.577834 0.908244 0.003626 0.003969
3 0.127145 0.697863 0.008219 0.015573
3 0.559705 0.834351 0.004593 0.002137
3 0.630167 0.850229 0.005318 0.002748
3 0.540367 0.932672 0.003626 0.003969
3 0.537467 0.935725 0.003626 0.005802
3 0.536742 0.817252 0.005560 0.002137
3 0.578801 0.870992 0.005076 0.002748
3 0.583998 0.858626 0.004834 0.002443
3 0.593667 0.883206 0.002901 0.004580
3 0.568891 0.899084 0.005560 0.003969
3 0.518250 0.933893 0.004834 0.002748
3 0.646846 0.887786 0.004351 0.008855
3 0.566715 0.934962 0.003626 0.006107
3 0.156756 0.750229 0.029732 0.009160
3 0.542905 0.828855 0.004834 0.003359
3 0.620135 0.825954 0.003142 0.004885
3 0.629200 0.830840 0.005318 0.003053
3 0.621465 0.859237 0.005801 0.003053
3 0.563331 0.857710 0.003142 0.007328
3 0.535170 0.937405 0.002417 0.004885
3 0.152284 0.766107 0.029973 0.009771
3 0.179840 0.830840 0.002901 0.006718
3 0.479575 0.894656 0.005801 0.004275
3 0.562606 0.818779 0.004593 0.002748
3 0.570341 0.818321 0.005076 0.001832
3 0.608774 0.852061 0.005076 0.002748
3 0.539159 0.934809 0.003142 0.005191
3 0.632705 0.911145 0.003142 0.005496
3 0.582306 0.905344 0.005318 0.007328
3 0.563693 0.938015 0.004834 0.006718
3 0.149021 0.696031 0.014262 0.020458
3 0.587140 0.869466 0.004351 0.002137
3 0.158932 0.733588 0.026348 0.008244
3 0.542905 0.825954 0.005318 0.003053
3 0.630409 0.856641 0.005318 0.002748
3 0.586174 0.865802 0.005801 0.002137
3 0.588107 0.870840 0.004351 0.002443
3 0.604665 0.880611 0.002659 0.004885
3 0.548344 0.921679 0.005076 0.004580
3 0.587382 0.898931 0.003384 0.006107
3 0.585207 0.900916 0.004834 0.007634
3 0.472202 0.843969 0.015228 0.004275
3 0.567561 0.837252 0.004834 0.002443
3 0.569857 0.821527 0.004593 0.002137
3 0.551003 0.871908 0.002659 0.005191
3 0.547015 0.872366 0.003384 0.005496
3 0.588107 0.874962 0.004834 0.002137
3 0.601402 0.881221 0.002417 0.004275
3 0.657844 0.884580 0.003626 0.004885
3 0.622553 0.915420 0.003626 0.007939
3 0.594150 0.899237 0.005318 0.011603
3 0.582910 0.902290 0.002659 0.004275
0 0.089195 0.866718 0.010636 0.027786
3 0.581943 0.821985 0.003626 0.007328
3 0.665095 0.885954 0.002659 0.004580
3 0.634397 0.888397 0.004109 0.005191
3 0.568044 0.830687 0.004351 0.002137
3 0.615664 0.826565 0.002417 0.004885
3 0.631496 0.841527 0.006043 0.002443
3 0.538555 0.811145 0.004834 0.002748
3 0.545202 0.816489 0.005560 0.001832
3 0.558255 0.836947 0.006043 0.002443
3 0.598743 0.858015 0.003384 0.005496
3 0.620135 0.865344 0.005076 0.002443
3 0.588591 0.873130 0.005318 0.002137
3 0.507252 0.896183 0.007977 0.006107
3 0.641407 0.889924 0.005076 0.007023
3 0.500967 0.804122 0.004593 0.011298
3 0.594271 0.822901 0.003142 0.005496
3 0.614092 0.878015 0.003626 0.003969
3 0.610467 0.880153 0.003142 0.003969
3 0.597897 0.882595 0.003142 0.005191
3 0.576142 0.910687 0.003626 0.003969
3 0.572758 0.932214 0.004593 0.005496
3 0.024535 0.705954 0.005076 0.013435
3 0.585690 0.822443 0.003868 0.007634
3 0.569253 0.829008 0.004834 0.003053
3 0.610225 0.825802 0.002659 0.005191
3 0.627750 0.854198 0.007735 0.002748
3 0.559101 0.869008 0.003384 0.004885
3 0.577592 0.865191 0.005560 0.002748
3 0.585932 0.861527 0.005801 0.002748
3 0.175731 0.830687 0.005318 0.011298
3 0.561035 0.824885 0.005318 0.002137
3 0.654218 0.892214 0.008460 0.003664
3 0.543631 0.822290 0.005801 0.002443
3 0.569737 0.819847 0.005318 0.002443
3 0.574934 0.890687 0.004593 0.003053
3 0.533237 0.938321 0.003384 0.006107
3 0.593667 0.919542 0.006285 0.009466
3 0.156394 0.758779 0.023205 0.006718
3 0.569495 0.825038 0.005318 0.002443
3 0.569253 0.823206 0.005318 0.002443
3 0.607808 0.825954 0.003142 0.005496
3 0.617356 0.873130 0.002901 0.005191
3 0.586899 0.867786 0.005318 0.002443
3 0.586415 0.884885 0.003384 0.004275
3 0.517525 0.931908 0.005318 0.003053
3 0.517041 0.930076 0.005318 0.002443
3 0.575659 0.931908 0.003142 0.005496
3 0.624970 0.895267 0.005076 0.004885
3 0.638990 0.898473 0.004593 0.005191
3 0.650834 0.824733 0.003626 0.005496
3 0.040367 0.670534 0.006285 0.016489
0 0.014624 0.810076 0.013778 0.026260
0 0.633672 0.891450 0.006043 0.006412
4 0.445734 0.653588 0.004351 0.009466
0 0.517646 0.979847 0.010877 0.019542
3 0.095601 0.777863 0.015228 0.030229
4 0.183225 0.772366 0.009185 0.018626
3 0.058376 0.678321 0.009427 0.014351
0 0.491419 0.935115 0.024172 0.060763
0 0.290186 0.760458 0.022964 0.040611
4 0.320160 0.760458 0.010394 0.014962
3 0.083756 0.658626 0.006043 0.011603
4 0.064177 0.836183 0.007493 0.018626
4 0.471477 0.849466 0.018613 0.005496
3 0.523810 0.810687 0.005318 0.015878
0 0.370075 0.901221 0.018854 0.095573
3 0.181170 0.683817 0.008460 0.019847
3 0.126783 0.826107 0.058738 0.016183
3 0.139715 0.799542 0.033841 0.011298
3 0.081339 0.787023 0.009427 0.040000
3 0.052695 0.820153 0.005801 0.014656
3 0.179357 0.803359 0.017404 0.007328
0 0.302997 0.873740 0.013778 0.069924
3 0.515228 0.916336 0.009427 0.005496
0 0.141528 0.960000 0.013295 0.029313
3 0.517525 0.921985 0.009669 0.005191
4 0.159173 0.694962 0.014745 0.010382
3 0.018733 0.789008 0.009911 0.022595
3 0.144912 0.690229 0.012328 0.014962
3 0.090162 0.755115 0.031907 0.013435
4 0.157844 0.885802 0.009185 0.020763
0 0.123761 0.956183 0.011603 0.025344
3 0.582185 0.930687 0.004593 0.009771
0 0.164491 0.850840 0.009427 0.022290
4 0.472323 0.839237 0.013536 0.007023
3 0.650109 0.886412 0.005560 0.008550
0 0.151922 0.914656 0.013778 0.026565
0 0.254411 0.880763 0.026348 0.081527
3 0.175369 0.697252 0.028281 0.012519
3 0.142011 0.678473 0.015228 0.031145
3 0.178753 0.809618 0.017646 0.004580
3 0.186246 0.687328 0.008460 0.014656
0 0.175731 0.817099 0.016920 0.006107
0 0.167029 0.868244 0.005801 0.014351
0 0.324269 0.949618 0.017162 0.063511
0 0.095601 0.693893 0.021513 0.085191
3 0.175610 0.683206 0.008460 0.018015
3 0.058859 0.771603 0.021513 0.012824
0 0.386149 0.858779 0.014262 0.075420
3 0.562727 0.816641 0.003868 0.002748
3 0.069374 0.691298 0.017404 0.047023
3 0.167754 0.831298 0.005801 0.013740
0 0.235799 0.901374 0.029248 0.087328
3 0.145637 0.712977 0.009427 0.012214
0 0.130529 0.929160 0.009185 0.017710
4 0.064902 0.821527 0.007010 0.011908
3 0.061276 0.763206 0.026831 0.016183
3 0.166425 0.707023 0.033116 0.009466
3 0.470631 0.869313 0.009669 0.006107
3 0.504472 0.803664 0.002901 0.007328
3 0.014866 0.865038 0.012328 0.043359
3 0.046773 0.670992 0.007977 0.033893
3 0.563210 0.814656 0.004351 0.002443
3 0.591612 0.883511 0.002659 0.005191
3 0.051124 0.706412 0.010877 0.039389
3 0.103336 0.872519 0.015712 0.054046
3 0.133793 0.812519 0.045202 0.012824
3 0.085328 0.932214 0.017887 0.067786
3 0.116026 0.685496 0.015470 0.054962
3 0.133430 0.879542 0.016920 0.046107
3 0.142978 0.783511 0.039884 0.010382
0 0.005922 0.930382 0.011844 0.078168
3 0.166062 0.715878 0.032391 0.011298
0 0.379139 0.916183 0.011844 0.041221
3 0.135485 0.841679 0.029732 0.011908
0 0.228185 0.838473 0.005801 0.020153
0 0.349891 0.958015 0.021997 0.083969
0 0.394489 0.866870 0.018371 0.073282
