0 0.999750 0.971780 0.000500 0.056440
0 0.014621 0.478473 0.015246 0.014110
0 0.009373 0.468705 0.017246 0.014834
0 0.008373 0.463821 0.016746 0.017366
0 0.007248 0.448987 0.014496 0.019537
0 0.007373 0.446454 0.014746 0.027496
0 0.981130 0.789436 0.037741 0.083213
0 0.624344 0.552279 0.040990 0.032923
0 0.764559 0.904124 0.037491 0.023155
0 0.187453 0.142004 0.021495 0.043054
0 0.175831 0.136758 0.023744 0.040521
0 0.167708 0.130789 0.025994 0.037988
0 0.113097 0.151954 0.019245 0.023878
0 0.148588 0.129522 0.038740 0.052098
0 0.127593 0.098046 0.019745 0.023155
0 0.118720 0.093886 0.015996 0.021346
0 0.219320 0.106368 0.015746 0.026049
0 0.210947 0.102026 0.021495 0.026049
0 0.202324 0.076520 0.023744 0.017728
0 0.124844 0.031657 0.025244 0.018452
3 0.063734 0.087373 0.006498 0.004703
0 0.066858 0.056621 0.013247 0.022793
0 0.060110 0.053184 0.013747 0.022431
0 0.059235 0.045948 0.010997 0.012301
0 0.048238 0.051556 0.023994 0.034370
0 0.040115 0.046671 0.022744 0.029667
0 0.037616 0.037446 0.013247 0.017728
0 0.398400 0.134045 0.028993 0.024240
0 0.492502 0.701700 0.017246 0.015557
0 0.001875 0.086650 0.003749 0.072721
3 0.002124 0.112518 0.004249 0.083213
0 0.546988 0.661179 0.091227 0.110347
0 0.444764 0.640195 0.067233 0.058249
0 0.432142 0.650868 0.073482 0.062952
0 0.668833 0.520260 0.023994 0.028220
0 0.690077 0.492945 0.023994 0.030753
0 0.742314 0.427641 0.022994 0.028220
3 0.774681 0.431078 0.016746 0.013386
0 0.771307 0.392909 0.025994 0.029667
3 0.792552 0.394718 0.021995 0.024602
3 0.816296 0.363423 0.009498 0.013386
3 0.782429 0.415521 0.016746 0.015557
3 0.852037 0.323082 0.013997 0.010130
3 0.869408 0.417330 0.010247 0.006874
3 0.862409 0.425470 0.011747 0.008683
3 0.846413 0.443560 0.014246 0.013025
3 0.841540 0.450615 0.015496 0.011939
3 0.902524 0.404667 0.024994 0.025687
3 0.832667 0.343524 0.016246 0.014834
0 0.808798 0.342619 0.042489 0.046310
3 0.860785 0.317656 0.021995 0.015919
0 0.873157 0.413712 0.009248 0.009045
3 0.864409 0.419501 0.015246 0.011216
0 0.003999 0.024602 0.007998 0.036903
0 0.181955 0.100760 0.013497 0.009045
3 0.836666 0.455861 0.014246 0.010130
3 0.852412 0.434877 0.013747 0.011577
3 0.883404 0.402677 0.016246 0.019537
0 0.434266 0.161179 0.029743 0.026411
0 0.601475 0.579957 0.045739 0.033285
3 0.881280 0.431621 0.021495 0.020984
0 0.746688 0.611975 0.054236 0.053184
3 0.132342 0.112699 0.031742 0.048119
0 0.070857 0.094790 0.012747 0.009407
4 0.491377 0.204595 0.028493 0.026411
0 0.730817 0.903220 0.072982 0.056078
3 0.858035 0.430897 0.011497 0.009407
0 0.849788 0.472504 0.028493 0.028220
