0 0.990132 0.968886 0.019735 0.036903
0 0.990632 0.896889 0.018736 0.073082
0 0.589808 0.349855 0.028479 0.014472
0 0.559955 0.361433 0.031227 0.015195
0 0.719585 0.784913 0.176618 0.084298
0 0.676118 0.684877 0.053710 0.027496
0 0.610167 0.695912 0.054709 0.027858
0 0.615538 0.706042 0.055958 0.028582
0 0.485761 0.713459 0.058206 0.028220
0 0.673870 0.670405 0.071696 0.034732
0 0.568324 0.423119 0.048464 0.100217
0 0.553960 0.420043 0.005746 0.013025
0 0.553585 0.429450 0.006495 0.010130
0 0.972021 0.956585 0.009993 0.010130
3 0.526105 0.450072 0.019985 0.008683
0 0.539221 0.454776 0.058206 0.024602
0 0.980265 0.917330 0.039470 0.092981
0 0.632775 0.708575 0.021984 0.013386
0 0.987509 0.961288 0.016488 0.018090
0 0.549588 0.421129 0.006995 0.011577
0 0.662253 0.321816 0.023482 0.012663
4 0.696103 0.311505 0.009743 0.021708
