0 0.417744 0.920191 0.007434 0.008186
0 0.476891 0.912688 0.013898 0.017735
0 0.367001 0.984482 0.021655 0.016712
0 0.255495 0.997271 0.011312 0.005457
0 0.256626 0.998636 0.023271 0.002729
0 0.395928 0.967428 0.022624 0.027626
4 0.449257 0.901262 0.007757 0.008527
0 0.438591 0.917462 0.025856 0.027967
4 0.378636 0.900239 0.010666 0.013984
4 0.447964 0.893588 0.005818 0.006821
3 0.409502 0.931105 0.007111 0.008186
4 0.354396 0.928206 0.006787 0.010573
3 0.361021 0.949352 0.008403 0.008527
3 0.463478 0.861869 0.008403 0.010232
4 0.364253 0.968622 0.007757 0.010232
4 0.402877 0.950887 0.004848 0.005457
3 0.432935 0.945600 0.015837 0.022851
3 0.422269 0.961289 0.004202 0.005116
