0 0.998637 0.515213 0.002726 0.013563
0 0.991063 0.768695 0.017873 0.008065
3 0.863678 0.650293 0.006059 0.010997
3 0.858225 0.643878 0.006665 0.012097
0 0.996971 0.702346 0.006059 0.007331
0 0.998485 0.610154 0.003029 0.023094
0 0.999243 0.504949 0.001515 0.010630
0 0.946380 0.560301 0.003635 0.017229
0 0.933959 0.557735 0.003029 0.015762
0 0.930476 0.557735 0.003938 0.016496
0 0.995910 0.553519 0.008179 0.021261
0 0.999394 0.544172 0.001212 0.009897
0 0.998788 0.538673 0.002424 0.006965
0 0.999243 0.497251 0.001515 0.006965
4 0.963647 0.683284 0.013935 0.005132
3 0.996365 0.713343 0.007271 0.004399
3 0.996971 0.717192 0.006059 0.004765
