4 0.002423 0.746427 0.004846 0.043239
3 0.153543 0.728106 0.014537 0.015390
3 0.179588 0.706669 0.008480 0.006229
3 0.182768 0.709601 0.011811 0.009161
3 0.168837 0.720594 0.008783 0.005497
3 0.145972 0.740198 0.011508 0.007329
0 0.322683 0.637047 0.060872 0.067058
0 0.439582 0.005680 0.046336 0.011359
0 0.504694 0.020887 0.058449 0.034445
4 0.103119 0.782521 0.008783 0.010627
3 0.197910 0.752657 0.008177 0.007329
0 0.047244 0.759802 0.010297 0.027483
3 0.029528 0.759802 0.005148 0.011359
3 0.032102 0.771162 0.004240 0.008428
0 0.159449 0.729754 0.009994 0.008428
