3 0.639421 0.267877 0.009411 0.006365
0 0.030498 0.801198 0.054723 0.050917
0 0.032590 0.813179 0.027536 0.025459
0 0.127919 0.876451 0.062043 0.041932
0 0.206169 0.786971 0.057511 0.033695
0 0.234577 0.858293 0.057860 0.046050
0 0.243465 0.864845 0.044963 0.035193
0 0.350645 0.795769 0.050192 0.038562
0 0.334786 0.781355 0.043569 0.032946
0 0.340885 0.789405 0.044615 0.031823
0 0.288428 0.741483 0.057511 0.035567
0 0.371209 0.690378 0.059254 0.044927
0 0.372604 0.702546 0.035552 0.028079
0 0.441443 0.652003 0.039387 0.024335
0 0.455385 0.719019 0.049146 0.039311
0 0.460788 0.727069 0.043918 0.036690
0 0.509411 0.668102 0.047055 0.031823
0 0.514291 0.677836 0.059603 0.039311
0 0.181422 0.605017 0.027536 0.017971
4 0.024399 0.795395 0.023005 0.020592
0 0.183339 0.670535 0.060648 0.046425
0 0.186999 0.680270 0.052632 0.039686
0 0.191530 0.689629 0.054723 0.040434
0 0.193621 0.701235 0.042175 0.029951
0 0.352039 0.559903 0.035552 0.027331
0 0.357267 0.579558 0.059254 0.042681
0 0.354479 0.593224 0.042524 0.029577
0 0.428547 0.504867 0.040084 0.025833
0 0.432381 0.513852 0.044266 0.026582
0 0.502091 0.552415 0.059603 0.046799
0 0.508365 0.560277 0.044963 0.034818
0 0.513071 0.568514 0.044615 0.034070
0 0.519170 0.575814 0.043569 0.033695
0 0.567271 0.584051 0.046358 0.033695
0 0.571976 0.592662 0.057860 0.042681
0 0.567271 0.607825 0.034507 0.024335
0 0.514291 0.375328 0.068665 0.041557
0 0.520042 0.386559 0.050192 0.030326
0 0.543743 0.399850 0.065528 0.034444
0 0.555420 0.406776 0.064482 0.034818
0 0.556814 0.417259 0.043569 0.023587
0 0.638550 0.307937 0.042524 0.037065
0 0.741548 0.415949 0.041478 0.034444
0 0.711572 0.487271 0.051237 0.031075
0 0.631928 0.520966 0.059951 0.043804
0 0.885674 0.436353 0.043221 0.037065
0 0.888637 0.445526 0.037295 0.031449
0 0.844545 0.355859 0.039735 0.027331
0 0.934646 0.327405 0.037295 0.023587
0 0.758452 0.328154 0.041129 0.017596
0 0.768038 0.314302 0.073545 0.031823
0 0.763681 0.304568 0.041129 0.019843
0 0.762461 0.281168 0.070756 0.035942
0 0.753224 0.271621 0.071105 0.037065
0 0.893168 0.298203 0.047752 0.031075
0 0.949285 0.230812 0.037295 0.026582
0 0.942837 0.215462 0.038341 0.029577
0 0.936040 0.210970 0.035901 0.026582
0 0.934472 0.201984 0.036947 0.028079
0 0.926978 0.185698 0.040084 0.028454
0 0.822063 0.196181 0.043569 0.028454
0 0.818404 0.189068 0.041826 0.025459
0 0.976124 0.363534 0.033810 0.023961
0 0.064831 0.923811 0.053677 0.040809
0 0.052980 0.904905 0.066225 0.050917
0 0.728303 0.161924 0.006623 0.004867
0 0.979261 0.371958 0.041478 0.031075
0 0.120077 0.987645 0.052632 0.024710
0 0.200767 0.778922 0.048100 0.028828
0 0.450854 0.709472 0.051934 0.041183
0 0.354305 0.568888 0.049146 0.034818
0 0.357616 0.601273 0.034855 0.021715
0 0.534855 0.391426 0.067968 0.039311
0 0.683339 0.425122 0.056814 0.039311
0 0.766643 0.484088 0.044963 0.032198
0 0.763506 0.293897 0.055420 0.026956
4 0.944406 0.224822 0.034507 0.025084
0 0.931335 0.195245 0.038341 0.028828
0 0.920007 0.179521 0.033113 0.025833
4 0.687870 0.178772 0.003834 0.006365
4 0.688045 0.183077 0.003486 0.003744
4 0.690484 0.182890 0.005577 0.006365
4 0.691704 0.184575 0.006623 0.005990
4 0.693796 0.186260 0.005925 0.004118
4 0.700941 0.177649 0.005577 0.006365
4 0.701812 0.180644 0.007320 0.005616
4 0.684385 0.164732 0.008017 0.003744
4 0.677414 0.161737 0.005925 0.002995
4 0.703381 0.182890 0.006971 0.004867
4 0.705472 0.184762 0.007668 0.003370
0 0.060300 0.914264 0.062043 0.045676
3 0.817009 0.166417 0.006971 0.002621
4 0.771175 0.151629 0.005925 0.002995
4 0.771175 0.149195 0.006623 0.002621
4 0.742768 0.149569 0.006274 0.002621
4 0.742070 0.146762 0.005577 0.002995
4 0.737539 0.178210 0.005577 0.002995
4 0.737713 0.175028 0.007320 0.002621
4 0.739979 0.163609 0.006971 0.003744
4 0.741199 0.160427 0.006623 0.002621
4 0.726908 0.160052 0.005228 0.004867
4 0.699547 0.152377 0.004183 0.003744
4 0.842628 0.148259 0.012896 0.012729
0 0.902754 0.383939 0.046009 0.049794
4 0.962530 0.088731 0.013594 0.013478
3 0.402579 0.454324 0.007668 0.007862
